0
1.000000
0.041630 0.454492 0.834817 0.335986 0.565489 0.001767 0.187590 0.990434 0.750497 0.366274 0.351209 0.573345 0.132554 0.064166 0.950854 0.153560 0.584649 0.216588 0.806502 0.140473 0.622059 0.210893 0.006578 0.573299 0.932664 0.340327 0.891081 0.593873 0.392896 0.899323 0.694994 0.228603 0.962459 0.012054 0.110957 0.884097 0.116756 0.750923 0.296934 0.646692 0.426580 0.500941 0.314577 0.436784 0.660036 0.702546 0.774809 0.813267 0.319815 0.982327 0.679633 0.150975 0.876027 0.696759 0.377366 0.564835 0.474992 0.272491 0.939328 0.259061 0.540184 0.647780 0.569775 0.509565 0.203298 0.088576 0.280868 0.704665 0.759929 0.670620 0.607099 0.375620 0.512247 0.552193 0.658511 0.937884 0.195334 0.593232 0.081842 0.569725 0.267400 0.953097 0.229342 0.801760 0.338136 0.584941 0.945250 0.643744 0.903235 0.368426 0.242004 0.489496 0.913949 0.329182 0.827234 0.313347 0.934031 0.593341 0.986934 0.388857 0.196136 0.544511 0.961193 0.650371 0.567419 0.980514 0.351224 0.998363 0.649732 0.815114 0.657765 0.079293 0.181251 0.208749 0.112047 0.999277 0.859893 0.630505 0.065443 0.848230 0.288697 0.705141 0.349674 0.998072 0.141760 0.253816 0.906179 0.716219 

1
1.000000
0.886978 0.430523 0.264393 0.415976 0.577264 0.539081 0.980596 0.701042 0.761917 0.004534 0.241247 0.495344 0.479247 0.100126 0.500060 0.865633 0.403486 0.694523 0.222310 0.417029 0.444447 0.297170 0.721849 0.286201 0.676791 0.621591 0.318297 0.078591 0.224244 0.351946 0.938848 0.541415 0.288444 0.647412 0.119610 0.170094 0.615735 0.528146 0.606628 0.289605 0.390017 0.797101 0.351526 0.802401 0.455532 0.721218 0.278473 0.759682 0.368305 0.746230 0.359005 0.092288 0.584878 0.990010 0.062870 0.271533 0.986365 0.854204 0.403712 0.789385 0.347003 0.532489 0.518156 0.222922 0.559801 0.461545 0.909140 0.241839 0.776305 0.358752 0.255477 0.332502 0.779538 0.685266 0.599301 0.740761 0.143811 0.446734 0.033901 0.312283 0.125341 0.744330 0.942265 0.557961 0.934515 0.479553 0.800476 0.557981 0.553554 0.926312 0.431912 0.797103 0.649565 0.358096 0.953212 0.891944 0.288096 0.666740 0.019568 0.515338 0.049901 0.558476 0.086423 0.870886 0.095464 0.854171 0.441767 0.440661 0.587851 0.061190 0.615557 0.679464 0.382532 0.396924 0.281216 0.009613 0.809288 0.017296 0.972569 0.170758 0.820164 0.291500 0.345091 0.380640 0.451368 0.536636 0.513128 0.186012 

2
1.000000
0.966199 0.918044 0.348125 0.540322 0.809484 0.984145 0.883337 0.888525 0.538092 0.054839 0.947513 0.612867 0.701953 0.952467 0.356411 0.480388 0.568533 0.151651 0.892487 0.007642 0.022102 0.642611 0.568623 0.335764 0.666591 0.730846 0.423480 0.095235 0.434776 0.729086 0.159105 0.280751 0.002472 0.395574 0.084098 0.689383 0.247949 0.911950 0.049464 0.477358 0.435714 0.815880 0.793748 0.730341 0.869990 0.265403 0.486922 0.127939 0.414653 0.236485 0.369505 0.214620 0.549259 0.181075 0.518604 0.006467 0.889265 0.504078 0.682954 0.596719 0.285120 0.173834 0.264799 0.644308 0.499978 0.347280 0.291010 0.600381 0.898051 0.068971 0.215482 0.850708 0.731832 0.659092 0.689306 0.620072 0.251460 0.121797 0.787046 0.131983 0.556330 0.829452 0.302566 0.667780 0.528895 0.434194 0.545177 0.488452 0.322631 0.754633 0.948436 0.125920 0.287777 0.627378 0.824972 0.014432 0.305216 0.010600 0.789583 0.404021 0.734364 0.106110 0.960849 0.704156 0.366901 0.818981 0.723427 0.965055 0.294583 0.406813 0.976519 0.875274 0.654127 0.857234 0.749694 0.086666 0.091457 0.060537 0.379189 0.661616 0.105661 0.668624 0.103065 0.153226 0.382277 0.121441 0.652419 0.098212 

3
1.000000
0.826387 0.413031 0.841490 0.236575 0.357271 0.012427 0.148430 0.424067 0.054604 0.966173 0.140327 0.216437 0.956421 0.621797 0.343434 0.362021 0.534273 0.922699 0.758278 0.715935 0.522208 0.648276 0.838434 0.300023 0.592891 0.887711 0.013158 0.683301 0.173443 0.036484 0.063180 0.494469 0.121197 0.551605 0.133877 0.537765 0.758988 0.970882 0.372397 0.643769 0.952660 0.434743 0.039546 0.415808 0.130037 0.303495 0.111091 0.439108 0.848720 0.861322 0.437488 0.203322 0.255766 0.479136 0.269699 0.989414 0.409995 0.675881 0.628947 0.719961 0.399558 0.991632 0.550035 0.338810 0.754184 0.451261 0.564674 0.633801 0.171615 0.155487 0.019425 0.647397 0.728163 0.453447 0.502075 0.427653 0.778675 0.509681 0.043130 0.989977 0.754745 0.426522 0.081475 0.012749 0.202673 0.483743 0.854098 0.142376 0.153889 0.340129 0.761098 0.391205 0.357572 0.051002 0.944275 0.171328 0.923583 0.602143 0.328688 0.105576 0.497222 0.969861 0.443153 0.121384 0.517449 0.880859 0.642268 0.081968 0.276982 0.871187 0.786943 0.601154 0.114076 0.603896 0.843354 0.872603 0.907991 0.888386 0.275675 0.611167 0.237368 0.405057 0.033013 0.234399 0.785328 0.746440 0.565756 0.526971 

4
1.000000
0.357714 0.275781 0.804469 0.442016 0.819960 0.227191 0.751941 0.753616 0.280500 0.944415 0.085532 0.727014 0.459254 0.710344 0.455374 0.201450 0.711545 0.054374 0.459962 0.759165 0.041939 0.053180 0.253298 0.398190 0.378270 0.041361 0.508912 0.141622 0.700831 0.416660 0.861238 0.748558 0.480911 0.220198 0.741966 0.478588 0.500216 0.771601 0.709897 0.180239 0.049870 0.483365 0.371805 0.692249 0.874714 0.725824 0.946691 0.173797 0.993287 0.186260 0.527407 0.915192 0.722549 0.001640 0.435831 0.964136 0.233173 0.248245 0.497698 0.465164 0.698540 0.362794 0.031003 0.522453 0.348974 0.233913 0.250960 0.120964 0.350781 0.040930 0.251192 0.780122 0.574157 0.195627 0.784803 0.161398 0.749828 0.743897 0.502849 0.439762 0.824452 0.356201 0.827384 0.403661 0.170364 0.141659 0.160588 0.633771 0.675624 0.289721 0.032598 0.783180 0.202697 0.320348 0.143750 0.636899 0.854156 0.118849 0.090280 0.853838 0.395068 0.070908 0.107652 0.816978 0.855987 0.388552 0.107058 0.955687 0.157641 0.036081 0.006025 0.016698 0.766464 0.699042 0.204291 0.696666 0.195163 0.677890 0.575066 0.599386 0.218903 0.884832 0.526593 0.825506 0.177683 0.747558 0.239776 0.463003 

5
1.000000
0.699683 0.512157 0.757797 0.534905 0.707348 0.440744 0.049637 0.429141 0.084549 0.733594 0.800739 0.727238 0.894155 0.703211 0.513440 0.547564 0.373801 0.086604 0.493106 0.799472 0.014713 0.215535 0.621961 0.021903 0.083307 0.651774 0.103623 0.059622 0.795408 0.430163 0.922440 0.658380 0.643801 0.096932 0.881204 0.973989 0.835020 0.660122 0.240194 0.966998 0.462646 0.524881 0.114243 0.062610 0.561728 0.625907 0.530463 0.303396 0.010308 0.715355 0.998063 0.409725 0.905562 0.055547 0.387468 0.729635 0.407980 0.305918 0.105578 0.436779 0.559730 0.902572 0.937902 0.593456 0.513356 0.691852 0.409573 0.797337 0.302919 0.497600 0.202493 0.178079 0.428286 0.941703 0.614579 0.996504 0.359518 0.481452 0.521990 0.158433 0.685049 0.823000 0.022097 0.611819 0.185852 0.681226 0.312854 0.014703 0.107261 0.111754 0.275062 0.798281 0.387905 0.185447 0.243150 0.000419 0.486908 0.719706 0.105699 0.097059 0.699647 0.750413 0.900553 0.739803 0.770799 0.814895 0.645527 0.435622 0.080943 0.327071 0.162111 0.037906 0.407678 0.033965 0.947075 0.606418 0.030173 0.936235 0.769323 0.027110 0.871571 0.088725 0.113952 0.441918 0.149075 0.339688 0.062301 0.344839 

6
1.000000
0.147372 0.554842 0.839214 0.365730 0.845940 0.955690 0.433236 0.639877 0.141489 0.397133 0.211578 0.992679 0.818180 0.249624 0.822057 0.338475 0.563350 0.833793 0.364812 0.975135 0.616442 0.394009 0.496153 0.266470 0.812832 0.470978 0.917724 0.348560 0.159777 0.336824 0.431191 0.419928 0.804191 0.249514 0.180496 0.216147 0.545061 0.543067 0.841530 0.904356 0.458819 0.637134 0.787660 0.730576 0.873699 0.581696 0.796423 0.821327 0.807162 0.672451 0.758857 0.980367 0.104816 0.418580 0.402122 0.671396 0.254410 0.921015 0.985570 0.568911 0.136490 0.745811 0.730239 0.663473 0.585044 0.139139 0.795351 0.386243 0.415235 0.928716 0.529114 0.173357 0.708116 0.457765 0.554639 0.316730 0.378821 0.184104 0.767678 0.477928 0.978121 0.196531 0.237076 0.400288 0.948637 0.416804 0.230208 0.806538 0.165596 0.997256 0.506291 0.270406 0.105209 0.736239 0.705599 0.697412 0.797081 0.826454 0.140478 0.529157 0.304101 0.050774 0.796199 0.624428 0.635825 0.538053 0.560609 0.087552 0.119307 0.294799 0.008953 0.868436 0.532648 0.110371 0.814999 0.398996 0.037403 0.781996 0.585573 0.647288 0.740617 0.375502 0.619974 0.944281 0.768058 0.897939 0.478588 0.590073 

7
1.000000
0.057691 0.044588 0.959714 0.288459 0.785205 0.846179 0.986653 0.743578 0.838277 0.099103 0.307951 0.523092 0.067988 0.444184 0.825117 0.432763 0.997613 0.166073 0.749966 0.931815 0.171778 0.028969 0.826832 0.462127 0.622174 0.324309 0.155448 0.272787 0.826924 0.377001 0.043395 0.341071 0.694800 0.899035 0.081063 0.158531 0.236527 0.168918 0.748413 0.443954 0.745001 0.193928 0.266188 0.631832 0.124413 0.936830 0.732119 0.274298 0.942896 0.782428 0.426036 0.185758 0.370627 0.620479 0.320600 0.292643 0.269519 0.934266 0.543523 0.156562 0.764128 0.828199 0.753081 0.088851 0.916705 0.988530 0.014507 0.630107 0.001023 0.649670 0.907165 0.032186 0.996558 0.001178 0.810613 0.745639 0.561539 0.399608 0.874630 0.916284 0.973485 0.792754 0.289695 0.555141 0.510087 0.985081 0.559317 0.531193 0.971054 0.601180 0.406014 0.402167 0.580130 0.683818 0.293843 0.540903 0.251430 0.904844 0.850590 0.120967 0.129220 0.996867 0.453318 0.522379 0.716914 0.622778 0.086696 0.224876 0.679447 0.896213 0.181954 0.530858 0.241104 0.821630 0.336329 0.652359 0.794664 0.226388 0.642361 0.096231 0.001471 0.263169 0.320533 0.569770 0.988256 0.238889 0.647575 0.126616 

8
1.000000
0.755625 0.611467 0.959795 0.191789 0.203825 0.239156 0.142255 0.797766 0.180338 0.885472 0.300278 0.573663 0.166089 0.108113 0.762223 0.140732 0.975370 0.790547 0.647492 0.853810 0.560366 0.023734 0.620437 0.705283 0.423413 0.891653 0.261079 0.480988 0.566466 0.052835 0.542704 0.372805 0.492985 0.201213 0.992696 0.547154 0.746375 0.409263 0.207858 0.120014 0.372837 0.646275 0.933544 0.465302 0.665068 0.081884 0.034872 0.293550 0.534483 0.052456 0.478946 0.880987 0.909865 0.224245 0.203250 0.745586 0.033676 0.736266 0.214400 0.886888 0.366148 0.167515 0.893304 0.001877 0.782207 0.532724 0.680886 0.321709 0.705912 0.169272 0.689330 0.486192 0.948115 0.101827 0.386776 0.177852 0.050453 0.042967 0.101404 0.708884 0.475447 0.655229 0.399488 0.916712 0.679689 0.626321 0.330457 0.242382 0.953935 0.823659 0.472135 0.796140 0.477946 0.641679 0.726498 0.252672 0.714479 0.245880 0.938702 0.151491 0.529695 0.877306 0.871280 0.333386 0.078070 0.601658 0.545890 0.939861 0.908612 0.775826 0.854420 0.397896 0.143823 0.234022 0.980552 0.756538 0.239450 0.454515 0.105904 0.424861 0.366005 0.210222 0.098742 0.963334 0.054613 0.901831 0.098137 0.923943 

9
1.000000
0.440492 0.656118 0.765712 0.530397 0.315940 0.595610 0.337106 0.090980 0.697819 0.465357 0.775752 0.686261 0.727094 0.070509 0.324947 0.755656 0.283011 0.032545 0.536598 0.495304 0.623097 0.025826 0.595140 0.389770 0.891632 0.488700 0.075205 0.037441 0.290905 0.409493 0.496762 0.640503 0.726996 0.027653 0.449998 0.951819 0.548589 0.540048 0.135646 0.080589 0.645255 0.303647 0.839274 0.724411 0.290530 0.735617 0.768036 0.126108 0.163066 0.553241 0.416282 0.248842 0.492206 0.107397 0.986215 0.362673 0.116816 0.048726 0.618525 0.870444 0.860500 0.144880 0.235842 0.842026 0.282876 0.725614 0.572213 0.335434 0.914118 0.471004 0.561118 0.263642 0.195137 0.343368 0.242297 0.810297 0.783569 0.677685 0.986646 0.339704 0.729044 0.336369 0.344401 0.410845 0.431296 0.465614 0.613757 0.056869 0.760664 0.591254 0.176984 0.486113 0.309945 0.406977 0.334303 0.994500 0.354765 0.747075 0.310421 0.239146 0.700365 0.525683 0.046339 0.336635 0.487704 0.256362 0.504248 0.134896 0.100843 0.546960 0.393809 0.723687 0.268878 0.367992 0.314631 0.944889 0.075181 0.106618 0.346334 0.629962 0.988776 0.396901 0.601201 0.208946 0.909647 0.430028 0.385333 0.524343 

