0
1.000000
0.966199 0.918044 0.348125 0.540322 0.809484 0.984145 0.883337 0.888525 0.538092 0.054839 0.947513 0.612867 0.701953 0.952467 0.356411 0.480388 0.568533 0.151651 0.892487 0.007642 0.022102 0.642611 0.568623 0.335764 0.666591 0.730846 0.423480 0.095235 0.434776 0.729086 0.159105 0.280751 0.002472 0.395574 0.084098 0.689383 0.247949 0.911950 0.049464 0.477358 0.435714 0.815880 0.793748 0.730341 0.869990 0.265403 0.486922 0.127939 0.414653 0.236485 0.369505 0.214620 0.549259 0.181075 0.518604 0.006467 0.889265 0.504078 0.682954 0.596719 0.285120 0.173834 0.264799 0.644308 0.499978 0.347280 0.291010 0.600381 0.898051 0.068971 0.215482 0.850708 0.731832 0.659092 0.689306 0.620072 0.251460 0.121797 0.787046 0.131983 0.556330 0.829452 0.302566 0.667780 0.528895 0.434194 0.545177 0.488452 0.322631 0.754633 0.948436 0.125920 0.287777 0.627378 0.824972 0.014432 0.305216 0.010600 0.789583 0.404021 0.734364 0.106110 0.960849 0.704156 0.366901 0.818981 0.723427 0.965055 0.294583 0.406813 0.976519 0.875274 0.654127 0.857234 0.749694 0.086666 0.091457 0.060537 0.379189 0.661616 0.105661 0.668624 0.103065 0.153226 0.382277 0.121441 0.652419 0.098212 0.826387 0.413031 0.841490 0.236575 0.357271 0.012427 0.148430 0.424067 0.054604 0.966173 0.140327 0.216437 0.956421 0.621797 0.343434 0.362021 0.534273 0.922699 0.758278 0.715935 0.522208 0.648276 0.838434 0.300023 0.592891 0.887711 0.013158 0.683301 0.173443 0.036484 0.063180 0.494469 0.121197 0.551605 0.133877 0.537765 0.758988 0.970882 0.372397 0.643769 0.952660 0.434743 0.039546 0.415808 0.130037 0.303495 0.111091 0.439108 0.848720 0.861322 0.437488 0.203322 0.255766 0.479136 0.269699 0.989414 0.409995 0.675881 0.628947 0.719961 0.399558 0.991632 0.550035 0.338810 0.754184 0.451261 0.564674 0.633801 0.171615 0.155487 0.019425 0.647397 0.728163 0.453447 0.502075 0.427653 0.778675 0.509681 0.043130 0.989977 0.754745 0.426522 0.081475 0.012749 0.202673 0.483743 0.854098 0.142376 0.153889 0.340129 0.761098 0.391205 0.357572 0.051002 0.944275 0.171328 0.923583 0.602143 0.328688 0.105576 0.497222 0.969861 0.443153 0.121384 0.517449 0.880859 0.642268 0.081968 0.276982 0.871187 0.786943 0.601154 0.114076 0.603896 0.843354 0.872603 0.907991 0.888386 0.275675 0.611167 0.237368 0.405057 0.033013 0.234399 0.785328 0.746440 0.565756 0.526971 

2
1.000000
0.470350 0.368974 0.020463 0.826326 0.987929 0.436862 0.040758 0.578547 0.703108 0.199997 0.403847 0.624580 0.656395 0.033906 0.578036 0.928277 0.048146 0.994275 0.019031 0.741961 0.108107 0.221521 0.193459 0.933680 0.070233 0.832970 0.172211 0.356149 0.396857 0.211181 0.191602 0.054594 0.478121 0.862303 0.756518 0.198284 0.435070 0.199742 0.481944 0.052266 0.929680 0.347486 0.372186 0.950132 0.162192 0.011441 0.758414 0.594117 0.473539 0.558855 0.745579 0.495050 0.204392 0.113866 0.053453 0.511513 0.056841 0.925563 0.320294 0.185874 0.102163 0.713260 0.721913 0.475719 0.549197 0.627504 0.546861 0.004744 0.281008 0.885493 0.766563 0.709724 0.159720 0.812747 0.707110 0.733075 0.945310 0.731237 0.429678 0.237456 0.956996 0.925644 0.075138 0.024274 0.986587 0.357404 0.144120 0.086895 0.441122 0.209823 0.838848 0.577479 0.814752 0.081583 0.262528 0.809937 0.762448 0.310671 0.484351 0.447511 0.744591 0.632224 0.464658 0.659339 0.233416 0.043505 0.280126 0.894379 0.199583 0.274528 0.380640 0.771928 0.237890 0.816459 0.088603 0.075112 0.531315 0.730481 0.761839 0.747239 0.506650 0.901244 0.979949 0.311346 0.695112 0.481197 0.481201 0.082083 0.998195 0.730285 0.026136 0.628003 0.371160 0.540717 0.751448 0.024043 0.300801 0.665311 0.212935 0.751580 0.375253 0.072620 0.212119 0.540727 0.554752 0.230372 0.623320 0.780953 0.364454 0.284310 0.955463 0.266604 0.382936 0.631323 0.917819 0.299300 0.910333 0.878530 0.136339 0.485579 0.213508 0.494181 0.665680 0.782629 0.986072 0.967664 0.542745 0.434965 0.680069 0.146359 0.265274 0.778575 0.793612 0.763604 0.391291 0.475330 0.492836 0.437638 0.033008 0.478550 0.643166 0.544416 0.655870 0.960709 0.288501 0.051827 0.537057 0.986989 0.289776 0.368806 0.437987 0.964986 0.487035 0.495429 0.405569 0.803331 0.730252 0.760323 0.243636 0.372768 0.110407 0.466226 0.648547 0.775578 0.968701 0.115484 0.544324 0.226873 0.851214 0.102530 0.998457 0.058643 0.669972 0.903487 0.668784 0.639599 0.418478 0.692986 0.896663 0.416407 0.937771 0.819881 0.897102 0.021212 0.333368 0.787126 0.531105 0.543276 0.677778 0.932568 0.610451 0.856645 0.899367 0.288506 0.765236 0.949226 0.136016 0.515713 0.487295 0.770185 0.029406 0.035077 0.889010 0.351726 0.238848 0.705638 0.030894 0.157967 0.976750 0.575581 0.869835 0.448587 0.303358 0.332474 0.163114 0.239371 

5
1.000000
0.969029 0.102066 0.643839 0.849231 0.787580 0.694803 0.426831 0.371595 0.190567 0.554618 0.810206 0.159015 0.991507 0.367692 0.770589 0.753095 0.994713 0.075232 0.744279 0.016556 0.652530 0.726853 0.862850 0.510196 0.218111 0.797253 0.798239 0.173350 0.875693 0.704836 0.093839 0.263319 0.318417 0.317473 0.190539 0.627966 0.052506 0.693271 0.635109 0.348729 0.887681 0.824519 0.617521 0.466810 0.757116 0.388241 0.161332 0.402060 0.153812 0.379766 0.077969 0.191515 0.110359 0.454931 0.485659 0.352663 0.149699 0.036118 0.033787 0.946047 0.938261 0.966928 0.413973 0.843936 0.250111 0.215325 0.683339 0.768579 0.150203 0.826500 0.979828 0.947357 0.203234 0.781142 0.433528 0.236313 0.766816 0.404388 0.234519 0.921698 0.616701 0.543453 0.622527 0.645860 0.938843 0.451177 0.935714 0.683970 0.097262 0.507603 0.167144 0.177465 0.115545 0.926978 0.803253 0.604913 0.888714 0.043539 0.087126 0.328240 0.244908 0.772165 0.492165 0.219395 0.904489 0.290931 0.793264 0.267781 0.517741 0.799141 0.070661 0.450878 0.509303 0.539344 0.617003 0.668912 0.703940 0.823544 0.584787 0.989129 0.268524 0.026588 0.306299 0.997000 0.571528 0.873095 0.241644 0.531669 0.154417 0.583744 0.115836 0.203180 0.227742 0.813193 0.849494 0.701975 0.375199 0.821978 0.679223 0.259990 0.476319 0.010656 0.415795 0.591232 0.075841 0.104077 0.066666 0.002347 0.446252 0.720428 0.223143 0.035499 0.648785 0.372774 0.303649 0.292446 0.814684 0.724846 0.278278 0.936417 0.288301 0.018254 0.154489 0.614078 0.920233 0.380999 0.760791 0.161127 0.723918 0.358852 0.159201 0.820033 0.942927 0.638953 0.985832 0.815876 0.776400 0.981798 0.752925 0.905666 0.113057 0.782114 0.439082 0.977805 0.493995 0.144967 0.794236 0.362369 0.603648 0.610677 0.642440 0.290711 0.147170 0.675947 0.981993 0.876595 0.359865 0.540138 0.965326 0.183121 0.286832 0.321331 0.449929 0.883269 0.623572 0.619045 0.009189 0.850793 0.404027 0.297001 0.294024 0.756806 0.322382 0.783631 0.861771 0.560799 0.468359 0.869262 0.909768 0.228639 0.809920 0.761736 0.342847 0.280654 0.767905 0.157052 0.794738 0.957074 0.667669 0.914366 0.344629 0.113461 0.025134 0.987037 0.906479 0.043438 0.408615 0.960469 0.507707 0.528859 0.721352 0.556262 0.756525 0.687912 0.959099 0.969010 0.767354 0.919584 0.926469 0.861132 0.168419 0.109114 0.737594 0.222120 0.755200 0.584759 

6
3.000000
0.316903 0.544277 0.578436 0.586435 0.547689 0.529421 0.633620 0.537048 0.664599 0.202000 0.433022 0.490595 0.577282 0.567144 0.829247 0.644785 0.486382 0.390934 0.122743 0.591026 0.673885 0.759398 0.373245 0.502357 0.443776 0.655624 0.282486 0.539286 0.508526 0.263113 0.656603 0.432967 0.517770 0.740941 0.128943 0.366895 0.251224 0.524004 0.213111 0.305097 0.800088 0.754506 0.296797 0.341666 0.636469 0.572799 0.683460 0.648675 0.443428 0.276225 0.665526 0.576585 0.318545 0.232219 0.163306 0.286553 0.502353 0.444037 0.435420 0.231465 0.395311 0.367158 0.209347 0.756893 0.417016 0.780300 0.364750 0.859471 0.411095 0.561482 0.633962 0.321226 0.318674 0.539860 0.722943 0.693795 0.487504 0.637065 0.564947 0.570118 0.835591 0.658688 0.480397 0.444186 0.475471 0.577540 0.415854 0.220051 0.317238 0.627728 0.544368 0.478670 0.505879 0.347246 0.404291 0.308093 0.706802 0.143661 0.461944 0.769415 0.706413 0.471876 0.403656 0.635137 0.343854 0.196490 0.612422 0.683170 0.482178 0.404529 0.551462 0.650611 0.770295 0.676770 0.502185 0.596117 0.293736 0.639359 0.498051 0.344936 0.477006 0.289369 0.688917 0.076997 0.641953 0.588067 0.462989 0.787285 0.799113 0.545994 0.432005 0.344255 0.651005 0.735459 0.372894 0.382092 0.511208 0.208692 0.392185 0.862813 0.562429 0.539196 0.283825 0.718192 0.423537 0.104331 0.585991 0.303778 0.614256 0.268993 0.043615 0.382859 0.769441 0.392549 0.672633 0.312795 0.846638 0.825247 0.391407 0.309299 0.403144 0.479986 0.512592 0.619586 0.682347 0.536413 0.423086 0.453678 0.462117 0.165214 0.455100 0.639452 0.677073 0.341630 0.572356 0.523245 0.522874 0.271648 0.319189 0.200220 0.620581 0.620278 0.634446 0.433801 0.726690 0.646479 0.863387 0.375456 0.195508 0.566525 0.559667 0.162712 0.205544 0.305674 0.692431 0.616691 0.665869 0.424567 0.767122 0.349560 0.732021 0.355065 0.358999 0.120563 0.905574 0.432492 0.574924 0.380299 0.849929 0.448673 0.884212 0.307843 0.488377 0.969505 0.345540 0.439155 0.481619 0.291253 0.376118 0.430357 0.544724 0.495994 0.436740 0.792136 0.153527 0.385649 0.870320 0.325326 0.314624 0.418531 0.363424 0.376897 0.533204 0.200572 0.618174 0.538225 0.788850 0.669158 0.713281 0.615808 0.595775 0.190516 0.472111 0.434593 0.533613 0.226762 0.653183 0.242465 0.435365 0.303691 0.431391 0.518637 0.402853 0.694757 0.646748 0.503166 

7
1.000000
0.214140 0.235337 0.028709 0.522290 0.134115 0.025554 0.624189 0.755993 0.228577 0.125636 0.222188 0.519192 0.994507 0.530429 0.622028 0.527571 0.737459 0.814473 0.705968 0.302570 0.658824 0.461072 0.701866 0.264431 0.122318 0.566984 0.076656 0.469543 0.747189 0.953859 0.067538 0.407993 0.237140 0.568794 0.901122 0.888161 0.311189 0.198712 0.115177 0.365428 0.307191 0.598295 0.517758 0.989777 0.110593 0.796127 0.331949 0.660994 0.978023 0.521361 0.072146 0.889826 0.613824 0.822156 0.973583 0.808736 0.881754 0.231356 0.097849 0.187629 0.736230 0.494207 0.013539 0.359228 0.108235 0.392606 0.606332 0.007754 0.428880 0.581496 0.713087 0.425548 0.395454 0.362125 0.959618 0.088624 0.235456 0.736184 0.174258 0.877496 0.686561 0.962234 0.765080 0.498484 0.845960 0.734768 0.406587 0.308079 0.940120 0.355812 0.653845 0.864500 0.493334 0.213946 0.763761 0.822597 0.725748 0.136266 0.082623 0.837679 0.762733 0.861222 0.087717 0.678175 0.189016 0.885920 0.233331 0.884450 0.013061 0.177697 0.535447 0.810418 0.427516 0.879368 0.675688 0.395184 0.146513 0.868990 0.857709 0.323852 0.184259 0.312415 0.705062 0.530579 0.904267 0.639951 0.849025 0.094153 0.035062 0.422646 0.171144 0.188745 0.215082 0.669811 0.794808 0.732672 0.923358 0.134170 0.172598 0.969001 0.378446 0.326641 0.004155 0.297564 0.978844 0.407037 0.208665 0.032814 0.025059 0.743455 0.935766 0.300871 0.045679 0.300848 0.250759 0.317950 0.864814 0.723035 0.999685 0.757193 0.241411 0.872471 0.725430 0.648844 0.206066 0.064528 0.848953 0.247126 0.169597 0.419380 0.584607 0.904352 0.109872 0.812084 0.863015 0.227423 0.117079 0.252949 0.479903 0.553468 0.829004 0.114287 0.568610 0.109890 0.681130 0.140187 0.554775 0.550229 0.873948 0.352870 0.944124 0.952305 0.792215 0.787700 0.521715 0.790989 0.646688 0.950137 0.909782 0.957186 0.024828 0.258309 0.501163 0.080360 0.088012 0.796818 0.818789 0.358045 0.421929 0.008573 0.564689 0.826564 0.195155 0.555464 0.433454 0.687766 0.797705 0.314593 0.047045 0.492599 0.584032 0.189313 0.695525 0.870072 0.628940 0.213810 0.470023 0.166510 0.493895 0.942453 0.581430 0.052558 0.196989 0.732103 0.355598 0.482266 0.762166 0.654389 0.470783 0.608577 0.600404 0.088378 0.296687 0.522118 0.333316 0.730566 0.750482 0.275282 0.622475 0.772897 0.400906 0.261994 0.808053 0.310146 0.826927 0.966441 

10
3.000000
0.288737 0.437059 0.847642 0.296873 0.375165 0.495680 0.855102 0.787730 0.496312 0.495346 0.228332 0.358679 0.583623 0.409039 0.272746 0.265026 0.526890 0.484049 0.728226 0.430503 0.479730 0.275887 0.256644 0.605649 0.713523 0.461312 0.189951 0.160209 0.596866 0.330344 0.612724 0.434163 0.767060 0.212256 0.822140 0.426425 0.557649 0.465983 0.644423 0.403141 0.136791 0.369286 0.424348 0.627028 0.725079 0.597356 0.881149 0.354138 0.656366 0.579770 0.530945 0.580888 0.623973 0.303381 0.306594 0.625478 0.248335 0.291863 0.440952 0.424700 0.386339 0.426683 0.402614 0.657454 0.481153 0.464560 0.420745 0.265383 0.239663 0.220647 0.514221 0.564727 0.532612 0.191360 0.676149 0.591631 0.395247 0.668140 0.387219 0.562829 0.613302 0.524752 0.656233 0.222663 0.604917 0.409366 0.232344 0.384062 0.809662 0.367852 0.206547 0.544511 0.138446 0.311022 0.328230 0.431032 0.618317 0.159869 0.367843 0.621127 0.657676 0.084905 0.323707 0.393594 0.828537 0.556998 0.550918 0.469073 0.426534 0.188029 0.370913 0.397112 0.534278 0.733212 0.408998 0.350639 0.498945 0.841416 0.347999 0.789974 0.254900 0.629505 0.642862 0.704241 0.302352 0.724507 0.380411 0.416259 0.747462 0.798849 0.877190 0.292852 0.716526 0.403055 0.309489 0.655327 0.103607 0.760691 0.639547 0.644398 0.668899 0.497310 0.686511 0.310546 0.473732 0.660051 0.689225 0.549115 0.428777 0.327408 0.622565 0.261105 0.250356 0.855329 0.148561 0.267868 0.516847 0.284290 0.733179 0.320446 0.771489 0.169326 0.751022 0.525699 0.786695 0.800455 0.481399 0.639087 0.239870 0.262904 0.371570 0.316321 0.781588 0.535394 0.444060 0.248374 0.261946 0.596867 0.845644 0.359417 0.589254 0.245718 0.403245 0.631764 0.524732 0.401801 0.246828 0.733207 0.443100 0.779697 0.698471 0.531487 0.315872 0.644250 0.613279 0.750043 0.583614 0.386923 0.631592 0.551035 0.185629 0.827552 0.589206 0.552595 0.398576 0.399355 0.562418 0.164318 0.715885 0.596864 0.580180 0.515936 0.605164 0.653494 0.335349 0.490755 0.100485 0.530312 0.476476 0.679853 0.554442 0.451475 0.169170 0.641814 0.386769 0.525227 0.110281 0.439275 0.628993 0.401541 0.456938 0.588743 0.446567 0.830059 0.713851 0.588874 0.167694 0.468880 0.393921 0.343360 0.369581 0.362017 0.403181 0.550647 0.387753 0.672993 0.645492 0.450456 0.669707 0.154664 0.458829 0.543956 0.383183 0.420777 0.383739 0.361677 

12
3.000000
0.329634 0.341884 0.643943 0.170943 0.373325 0.502613 0.396466 0.591899 0.437500 0.543256 0.364603 0.783839 0.258334 0.407225 0.716039 0.405304 0.861252 0.353879 0.281755 0.616853 0.744363 0.343176 0.456372 0.636985 0.237432 0.638241 0.555134 0.659416 0.820105 0.422770 0.355272 0.705318 0.415975 0.292351 0.585066 0.410192 0.649312 0.540417 0.688821 0.265368 0.643809 0.528830 0.724953 0.316922 0.620893 0.100607 0.218389 0.278871 0.610212 0.214262 0.611645 0.842218 0.386424 0.527413 0.268653 0.863513 0.325211 0.402479 0.195219 0.693395 0.503316 0.302548 0.533646 0.395030 0.489447 0.276137 0.536367 0.466395 0.400499 0.529963 0.730913 0.521489 0.774040 0.392189 0.749137 0.530310 0.388377 0.057217 0.236598 0.632910 0.595322 0.424741 0.432605 0.753465 0.679273 0.663980 0.336537 0.577782 0.875227 0.511190 0.557137 0.644320 0.201955 0.756101 0.720295 0.364266 0.590318 0.501230 0.715863 0.317382 0.384157 0.712959 0.659872 0.561475 0.297501 0.549931 0.586568 0.729150 0.706865 0.859757 0.619163 0.458309 0.282487 0.252260 0.706704 0.528511 0.370282 0.641498 0.500870 0.410684 0.174686 0.220521 0.244603 0.630038 0.187118 0.628494 0.354411 0.879334 0.475998 0.658222 0.353317 0.580504 0.500786 0.484217 0.474846 0.429507 0.794456 0.417119 0.586397 0.615480 0.514319 0.308514 0.418840 0.764380 0.656632 0.238741 0.737429 0.327255 0.576975 0.499380 0.549308 0.362377 0.595341 0.377425 0.337184 0.421000 0.376153 0.454516 0.628920 0.818172 0.771333 0.245617 0.570602 0.789678 0.289295 0.726554 0.380742 0.548075 0.356100 0.113766 0.560355 0.756362 0.363576 0.653071 0.821995 0.112588 0.610924 0.570010 0.471263 0.482039 0.510726 0.337617 0.887533 0.365626 0.378227 0.398931 0.720205 0.550968 0.863325 0.161100 0.393143 0.627884 0.221775 0.774043 0.729511 0.624262 0.837562 0.420450 0.745243 0.434325 0.379063 0.508571 0.471386 0.795498 0.619026 0.557106 0.649572 0.456255 0.688874 0.573631 0.516725 0.556599 0.199167 0.751293 0.407079 0.280141 0.729599 0.505335 0.423767 0.421215 0.407519 0.419489 0.210398 0.838292 0.216072 0.682706 0.413677 0.256416 0.608351 0.695097 0.169116 0.430716 0.587779 0.433219 0.714720 0.241670 0.193671 0.629590 0.596344 0.452934 0.345962 0.512313 0.380843 0.773501 0.373950 0.289847 0.383110 0.484564 0.728066 0.373955 0.470883 0.231541 0.710309 0.480470 0.403895 0.631456 

14
1.000000
0.584892 0.196909 0.771937 0.473639 0.582064 0.215470 0.235687 0.141265 0.754300 0.414850 0.283485 0.345766 0.594026 0.655033 0.212824 0.373244 0.476031 0.217001 0.175070 0.004929 0.348515 0.085527 0.526527 0.312391 0.577652 0.937919 0.290334 0.365231 0.888812 0.221118 0.654807 0.530579 0.652073 0.234459 0.988878 0.431998 0.947315 0.898797 0.918931 0.180507 0.466715 0.526330 0.018155 0.060423 0.499696 0.066471 0.747236 0.956571 0.955482 0.914364 0.544600 0.846336 0.647296 0.868675 0.689427 0.190197 0.254371 0.418106 0.498423 0.968461 0.435570 0.441490 0.017930 0.001037 0.262083 0.109630 0.039847 0.513434 0.315047 0.279254 0.609345 0.277994 0.633744 0.737141 0.264128 0.058036 0.956118 0.067883 0.811696 0.147829 0.948857 0.729743 0.228517 0.057488 0.040145 0.693061 0.172159 0.504107 0.033861 0.053858 0.006393 0.894351 0.466718 0.726326 0.225111 0.115594 0.065176 0.252141 0.752127 0.279444 0.140561 0.068038 0.021823 0.810680 0.130395 0.137339 0.694781 0.064393 0.131435 0.583428 0.720789 0.243258 0.383245 0.036378 0.569602 0.424829 0.536551 0.506428 0.351625 0.785481 0.792257 0.184079 0.243313 0.803908 0.817367 0.105691 0.815705 0.164140 0.753535 0.851254 0.192533 0.967745 0.731284 0.608201 0.293092 0.559923 0.514817 0.058520 0.054237 0.017523 0.233638 0.658082 0.488069 0.022617 0.440996 0.275045 0.682961 0.227447 0.886513 0.651702 0.564478 0.220344 0.640548 0.330517 0.021572 0.133382 0.378303 0.134904 0.197305 0.737231 0.367818 0.878996 0.620690 0.383910 0.731546 0.074151 0.898366 0.361420 0.917857 0.144901 0.826462 0.483740 0.656473 0.220609 0.661662 0.064150 0.438536 0.354239 0.497188 0.708784 0.293827 0.974682 0.017916 0.660650 0.198899 0.208289 0.606371 0.152890 0.282905 0.128209 0.787981 0.464894 0.373243 0.992287 0.243088 0.078153 0.689378 0.612545 0.181286 0.602796 0.327148 0.428297 0.330148 0.483849 0.832377 0.912942 0.398152 0.032218 0.724714 0.179256 0.846321 0.083500 0.461407 0.123149 0.563765 0.733195 0.515504 0.990319 0.460994 0.685201 0.051095 0.708856 0.646804 0.978080 0.005197 0.813980 0.267929 0.307277 0.205349 0.924599 0.997139 0.068848 0.765727 0.907014 0.739370 0.229502 0.292441 0.485959 0.274738 0.437579 0.098678 0.810177 0.112567 0.579501 0.468630 0.537372 0.835836 0.546191 0.129969 0.325679 0.167857 0.984665 0.190323 0.175589 0.092653 0.592779 

17
3.000000
0.577108 0.805438 0.542771 0.794114 0.757878 0.740780 0.690072 0.884212 0.654209 0.439913 0.752589 0.308311 0.334407 0.706578 0.480081 0.172488 0.576174 0.648665 0.268291 0.436843 0.777164 0.272294 0.510292 0.608446 0.237156 0.287889 0.598623 0.643764 0.496982 0.474697 0.666417 0.213013 0.304626 0.451218 0.353992 0.645853 0.505586 0.553586 0.219265 0.659877 0.607854 0.373703 0.310406 0.572041 0.414879 0.344397 0.691714 0.617285 0.577282 0.502993 0.116358 0.314204 0.555479 0.322475 0.532825 0.731447 0.341476 0.808420 0.442941 0.617847 0.634829 0.473081 0.414811 0.568819 0.442177 0.467461 0.364129 0.506470 0.453824 0.412243 0.825085 0.687031 0.554731 0.418921 0.730392 0.543227 0.539136 0.215730 0.638237 0.554716 0.434171 0.570068 0.597984 0.207886 0.126190 0.226956 0.521804 0.622203 0.546518 0.357388 0.398293 0.639475 0.411815 0.375968 0.688168 0.124617 0.823657 0.554270 0.476636 0.165189 0.385883 0.584356 0.319735 0.509865 0.698631 0.693935 0.564461 0.404345 0.514469 0.321449 0.632219 0.726057 0.369472 0.232035 0.673055 0.635560 0.416540 0.648989 0.668157 0.309636 0.770663 0.610849 0.477279 0.545990 0.451861 0.477881 0.196274 0.286792 0.668478 0.372294 0.494492 0.443410 0.819833 0.594879 0.532139 0.669916 0.306534 0.400291 0.256728 0.505028 0.357128 0.299357 0.691548 0.131324 0.444244 0.587501 0.556692 0.661410 0.716514 0.553747 0.373699 0.268190 0.453441 0.717253 0.720196 0.269474 0.343250 0.395961 0.513080 0.402215 0.700618 0.461790 0.385979 0.815511 0.305793 0.321437 0.537099 0.751825 0.410663 0.456287 0.458434 0.507279 0.584056 0.416330 0.354195 0.406750 0.582632 0.414218 0.406249 0.430352 0.537962 0.545182 0.474433 0.158250 0.642352 0.870471 0.577016 0.624545 0.304716 0.532805 0.864782 0.892865 0.703865 0.373920 0.684572 0.648139 0.471902 0.364398 0.831068 0.610100 0.571740 0.467790 0.435333 0.274168 0.544996 0.626852 0.397938 0.508241 0.282701 0.593995 0.725763 0.570727 0.472415 0.394298 0.327126 0.664234 0.724223 0.470066 0.298497 0.422965 0.475231 0.522379 0.406172 0.279796 0.346599 0.514285 0.189618 0.557983 0.318987 0.858342 0.287865 0.610190 0.536768 0.869620 0.400844 0.668700 0.294955 0.864637 0.631686 0.534168 0.180159 0.499857 0.654522 0.965494 0.214274 0.592158 0.592505 0.596995 0.634421 0.368795 0.503064 0.748417 0.660816 0.492336 0.485284 0.596407 

19
1.000000
0.147856 0.062735 0.660469 0.818107 0.746544 0.218756 0.423506 0.717939 0.668858 0.448649 0.557520 0.470675 0.781599 0.485876 0.822180 0.774567 0.727574 0.156001 0.522463 0.956395 0.524922 0.122856 0.411665 0.628258 0.341849 0.985158 0.059046 0.891958 0.259787 0.047166 0.819393 0.967334 0.372962 0.742931 0.296059 0.224003 0.677959 0.515696 0.639346 0.293432 0.434888 0.583727 0.603226 0.098092 0.161965 0.118440 0.132729 0.765648 0.115847 0.843082 0.462993 0.897881 0.046977 0.368804 0.572679 0.076596 0.566742 0.923889 0.096423 0.742622 0.563863 0.720915 0.913343 0.250552 0.531592 0.531021 0.994709 0.443007 0.263610 0.095236 0.320100 0.106380 0.321808 0.566633 0.817404 0.158570 0.728206 0.026059 0.110388 0.011747 0.069201 0.296269 0.084266 0.774232 0.284204 0.357904 0.823565 0.470156 0.831834 0.975031 0.709711 0.319284 0.252546 0.012580 0.463399 0.028618 0.772356 0.983389 0.707167 0.588980 0.991914 0.724644 0.438250 0.971325 0.680218 0.663827 0.325203 0.497097 0.622685 0.800234 0.361693 0.273491 0.567161 0.472371 0.468130 0.587223 0.854769 0.892682 0.670274 0.329524 0.929648 0.763148 0.500821 0.561210 0.784948 0.508115 0.965297 0.041031 0.542386 0.509464 0.440850 0.645123 0.877979 0.455149 0.091970 0.952675 0.323887 0.531504 0.100595 0.106203 0.600609 0.735067 0.231947 0.257669 0.897978 0.348618 0.957767 0.258761 0.338786 0.432315 0.704241 0.659784 0.964464 0.603213 0.404934 0.852583 0.295725 0.009891 0.744681 0.274986 0.487633 0.113693 0.556876 0.824353 0.042120 0.040178 0.265528 0.983384 0.013064 0.005423 0.979221 0.010759 0.269688 0.808990 0.484567 0.900952 0.131198 0.041585 0.542616 0.571349 0.085351 0.419084 0.356927 0.930534 0.220393 0.229887 0.103747 0.549884 0.875750 0.989119 0.943090 0.672915 0.122697 0.016428 0.867866 0.214848 0.370418 0.295015 0.202977 0.331293 0.332309 0.894634 0.097024 0.562927 0.036822 0.732887 0.218723 0.626272 0.609753 0.055031 0.294070 0.643700 0.351613 0.796223 0.517657 0.153546 0.673980 0.780709 0.114489 0.169422 0.809815 0.354677 0.992237 0.062698 0.770189 0.653705 0.036540 0.210736 0.757302 0.897848 0.895123 0.413125 0.462871 0.279121 0.254657 0.647269 0.261813 0.564627 0.525248 0.071861 0.961594 0.156633 0.351955 0.441508 0.273870 0.217180 0.514718 0.558095 0.651335 0.533179 0.054722 0.735017 0.271359 0.038346 0.076562 0.810523 

20
1.000000
0.092185 0.130999 0.545721 0.356186 0.277403 0.991826 0.669224 0.674030 0.351833 0.992268 0.854583 0.720687 0.863969 0.449591 0.313075 0.085029 0.100786 0.616873 0.533028 0.211614 0.568351 0.708218 0.837092 0.738097 0.371160 0.848194 0.990964 0.453259 0.461878 0.316426 0.913463 0.975169 0.182223 0.747087 0.268643 0.797371 0.160427 0.522830 0.772569 0.618810 0.022713 0.115227 0.855010 0.728323 0.645577 0.226227 0.017238 0.166030 0.780213 0.200278 0.912334 0.831058 0.856381 0.743215 0.137680 0.187838 0.984682 0.705723 0.717838 0.672437 0.565827 0.786009 0.719939 0.887215 0.253738 0.963536 0.786340 0.658520 0.154693 0.294269 0.197114 0.620697 0.254066 0.144482 0.447492 0.173459 0.900371 0.797012 0.005344 0.072571 0.326301 0.678685 0.617040 0.080145 0.309380 0.794129 0.175452 0.685717 0.160040 0.638202 0.123569 0.968339 0.839673 0.241769 0.716369 0.899422 0.551093 0.693695 0.230548 0.373016 0.082469 0.601827 0.627886 0.722020 0.324885 0.398895 0.928035 0.553737 0.103219 0.072997 0.017984 0.175025 0.967890 0.979396 0.159250 0.325339 0.177461 0.559330 0.593951 0.185432 0.373279 0.506433 0.394252 0.860859 0.599693 0.651959 0.746654 0.574171 0.377426 0.321637 0.866333 0.349540 0.592028 0.400637 0.553822 0.891241 0.440714 0.845366 0.346253 0.885921 0.594279 0.933955 0.290859 0.981819 0.909054 0.449060 0.545313 0.990445 0.378251 0.050584 0.456675 0.332695 0.781830 0.901181 0.110293 0.717646 0.496401 0.748610 0.897198 0.444680 0.807449 0.006631 0.701620 0.394947 0.548670 0.286019 0.340681 0.704143 0.029451 0.451155 0.830713 0.653199 0.631153 0.772596 0.546635 0.485658 0.614161 0.535098 0.973244 0.559566 0.116426 0.481995 0.314126 0.507751 0.905083 0.434950 0.972143 0.343976 0.607721 0.042458 0.795399 0.785049 0.169775 0.866521 0.897500 0.422308 0.507777 0.415637 0.917227 0.872662 0.431689 0.540120 0.340071 0.162632 0.148071 0.105197 0.225076 0.482405 0.112475 0.596038 0.580921 0.115227 0.835279 0.350358 0.134136 0.965541 0.949489 0.287671 0.201823 0.232783 0.489183 0.154266 0.396428 0.602973 0.798786 0.540016 0.479323 0.944103 0.769893 0.873048 0.574700 0.121386 0.485587 0.652848 0.339975 0.812762 0.722111 0.748633 0.451459 0.362612 0.822279 0.340754 0.745069 0.911638 0.000322 0.206922 0.595477 0.573527 0.278199 0.506288 0.120223 0.974849 0.681159 0.962569 0.758277 0.355097 

22
1.000000
0.556019 0.627880 0.848565 0.850572 0.517841 0.972667 0.379565 0.911708 0.506265 0.410705 0.905763 0.771381 0.246444 0.063817 0.243265 0.875712 0.394534 0.396611 0.431018 0.483133 0.214916 0.620550 0.244754 0.647170 0.525225 0.558261 0.400183 0.329141 0.173128 0.067806 0.305102 0.885042 0.621095 0.513029 0.595485 0.973224 0.535874 0.006138 0.699547 0.513631 0.159740 0.883782 0.750930 0.563446 0.810616 0.765543 0.455163 0.366868 0.076071 0.506519 0.093250 0.787748 0.167933 0.832294 0.016575 0.383069 0.854142 0.638966 0.495356 0.453317 0.324969 0.072875 0.078834 0.084075 0.052171 0.059543 0.112556 0.933495 0.010845 0.930103 0.342939 0.925232 0.731389 0.962755 0.681388 0.069164 0.287857 0.798739 0.962261 0.986472 0.092310 0.854889 0.626721 0.885965 0.913450 0.601373 0.617005 0.389751 0.861314 0.233006 0.744856 0.794374 0.745288 0.180087 0.479082 0.774442 0.615929 0.690568 0.508680 0.776574 0.915423 0.495389 0.811197 0.139787 0.288942 0.234645 0.975497 0.432217 0.129427 0.781123 0.581651 0.372309 0.549510 0.022497 0.868968 0.654609 0.982476 0.742554 0.270300 0.816117 0.623657 0.429426 0.653682 0.139468 0.626774 0.604522 0.991312 0.315355 0.387092 0.345141 0.324188 0.890375 0.473330 0.317590 0.164819 0.260542 0.240008 0.862489 0.189884 0.378161 0.865982 0.512269 0.232226 0.304368 0.356557 0.070258 0.152994 0.035905 0.826703 0.854944 0.328923 0.577554 0.390926 0.490838 0.848925 0.326875 0.038594 0.303800 0.403308 0.431640 0.617475 0.813911 0.546612 0.709671 0.206616 0.389063 0.002498 0.963147 0.784134 0.968918 0.891038 0.442963 0.815987 0.049073 0.832784 0.832319 0.666278 0.251901 0.410939 0.321682 0.094298 0.742188 0.246844 0.179689 0.422542 0.176445 0.211758 0.117120 0.675804 0.524252 0.009914 0.765028 0.374563 0.953770 0.427248 0.705380 0.064957 0.532329 0.053559 0.805749 0.759389 0.023632 0.812694 0.611712 0.501144 0.847635 0.438407 0.375637 0.336283 0.855550 0.328528 0.972746 0.237719 0.024071 0.416114 0.639809 0.468941 0.318981 0.685203 0.724255 0.565808 0.663502 0.306056 0.648120 0.449625 0.281388 0.598495 0.159012 0.136993 0.294876 0.883681 0.886733 0.383487 0.734793 0.938990 0.867469 0.268865 0.471534 0.115132 0.296387 0.909346 0.674220 0.050302 0.473398 0.953567 0.439525 0.366726 0.005935 0.397463 0.155548 0.257685 0.507295 0.231838 0.949449 0.668053 0.600996 

25
2.000000
0.497996 0.788655 0.704582 0.496380 0.458842 0.547890 0.410116 0.304280 0.393137 0.888601 0.390649 0.836984 0.357695 0.832534 0.374276 0.438281 0.871809 0.615271 0.458548 0.376500 0.557613 0.559507 0.883658 0.750733 0.442327 0.909450 0.200705 0.385530 0.358676 0.263650 0.542865 0.656072 0.824919 0.606572 0.527984 0.527278 0.864193 0.280743 0.400352 0.338451 0.486014 0.703072 0.291904 0.888291 0.130680 0.368056 0.586377 0.181973 0.727990 0.120003 0.394987 0.692106 0.181241 0.754522 0.392849 0.698666 0.420222 0.430480 0.468683 0.640160 0.115145 0.357177 0.756651 0.500600 0.477782 0.252907 0.551642 0.536249 0.645080 0.651406 0.964443 0.715121 0.620908 0.528505 0.510680 0.593978 0.398397 0.714835 0.409691 0.125933 0.781357 0.199543 0.412589 0.601065 0.229821 0.778122 0.401568 0.737824 0.761025 0.383746 0.677022 0.420011 0.110472 0.710683 0.350590 0.409100 0.393713 0.500743 0.619021 0.641591 0.381689 0.745319 0.637296 0.173342 0.512679 0.447975 0.424279 0.575746 0.792008 0.402963 0.607969 0.880895 0.484640 0.346368 0.691117 0.163905 0.771809 0.517237 0.935343 0.830515 0.435118 0.580175 0.420143 0.327410 0.342499 0.478233 0.532443 0.632924 0.560555 0.340710 0.235969 0.228644 0.405748 0.315913 0.814131 0.150517 0.599367 0.150355 0.684852 0.914607 0.413190 0.525733 0.363658 0.491302 0.117122 0.891006 0.168011 0.337121 0.578086 0.602610 0.480432 0.700157 0.250274 0.190295 0.442389 0.299500 0.357900 0.594029 0.660430 0.486789 0.448419 0.629212 0.648996 0.466420 0.410300 0.609103 0.292128 0.057332 0.556749 0.126396 0.513495 0.691926 0.605038 0.627610 0.238503 0.375282 0.288448 0.527205 0.204551 0.569882 0.460244 0.641494 0.519615 0.467538 0.750982 0.879763 0.832516 0.291861 0.564111 0.631080 0.510479 0.212575 0.710761 0.615552 0.224331 0.609396 0.141504 0.629193 0.425376 0.900346 0.707424 0.368707 0.420129 0.440633 0.429999 0.658608 0.872431 0.237272 0.461978 0.466023 0.802813 0.935895 0.440906 0.641753 0.431275 0.884738 0.262298 0.198799 0.893963 0.622295 0.498273 0.476288 0.531745 0.565785 0.654998 0.347977 0.127762 0.584457 0.172469 0.346174 0.393080 0.252237 0.824440 0.575643 0.349162 0.506571 0.354843 0.495072 0.420714 0.453303 0.497658 0.718814 0.373392 0.300433 0.756073 0.627373 0.251758 0.666697 0.578233 0.725528 0.190905 0.974758 0.553220 0.821925 0.590417 0.124652 

27
2.000000
0.414280 0.395287 0.509746 0.371846 0.550492 0.142060 0.206804 0.985703 0.607631 0.251813 0.362651 0.488095 0.310408 0.295646 0.723118 0.567022 0.509091 0.144148 0.490663 0.094727 0.467709 0.366482 0.117907 0.318217 0.892639 0.208634 0.675319 0.620157 0.299970 0.458067 0.522375 0.133953 0.858931 0.083737 0.175931 0.807023 0.520709 0.600754 0.192563 0.723155 0.598847 0.289437 0.497844 0.486828 0.639085 0.356416 0.542574 0.747991 0.360914 0.783566 0.534773 0.404667 0.706421 0.407453 0.580620 0.702765 0.458484 0.411670 0.614644 0.288410 0.432389 0.616726 0.459479 0.329159 0.172990 0.202332 0.631728 0.568622 0.752282 0.796006 0.709382 0.216761 0.336417 0.476488 0.757394 0.898656 0.431728 0.452737 0.234050 0.621644 0.209089 0.537131 0.187657 0.898792 0.206306 0.598405 0.819546 0.450766 0.508162 0.284886 0.507733 0.353933 0.770911 0.296515 0.730804 0.306270 0.587697 0.465300 0.532172 0.431297 0.157350 0.504158 0.952129 0.461294 0.322967 0.895293 0.413669 0.852710 0.668545 0.418396 0.765688 0.147699 0.209640 0.439055 0.404516 0.855513 0.573830 0.477134 0.155916 0.576149 0.552749 0.707798 0.401689 0.706758 0.212224 0.383905 0.477991 0.680271 0.890867 0.443090 0.309916 0.497291 0.499206 0.526967 0.934963 0.679176 0.477661 0.310149 0.316620 0.435480 0.587367 0.445304 0.670811 0.686381 0.226000 0.375268 0.388459 0.384751 0.592490 0.557666 0.705671 0.258248 0.509074 0.370693 0.171270 0.444778 0.363965 0.215428 0.514632 0.471308 0.608444 0.460595 0.503506 0.463068 0.752067 0.266094 0.782992 0.345408 0.400758 0.613404 0.437875 0.481858 0.704551 0.721466 0.258524 0.688393 0.582828 0.858597 0.506675 0.274648 0.311109 0.812963 0.165261 0.228067 0.849038 0.660161 0.463386 0.807374 0.606635 0.686343 0.343506 0.218486 0.455575 0.374284 0.886443 0.171103 0.542874 0.239011 0.137216 0.560164 0.532705 0.775434 0.340627 0.776342 0.542920 0.635356 0.062599 0.357548 0.339353 0.432847 0.757375 0.373434 0.964147 0.349017 0.460722 0.752196 0.393472 0.798526 0.317361 0.769191 0.612554 0.675722 0.662104 0.816332 0.557227 0.728236 0.397023 0.446823 0.175131 0.536299 0.172735 0.769029 0.207750 0.798535 0.575284 0.664396 0.566724 0.046702 0.528636 0.786047 0.582253 0.205793 0.287530 0.006448 0.724052 0.270366 0.760036 0.214383 0.750519 0.237189 0.460988 0.294076 0.321843 0.287935 0.356437 0.573899 

28
4.000000
0.138180 0.602282 0.803648 0.335271 0.617420 0.608310 0.277266 0.408912 0.402194 0.720772 0.367309 0.424539 0.579060 0.489649 0.518799 0.629364 0.423110 0.563963 0.754061 0.659412 0.506854 0.374491 0.811683 0.614511 0.527238 0.723893 0.601023 0.471927 0.567073 0.469357 0.295538 0.392442 0.759870 0.376104 0.258647 0.492742 0.634888 0.576341 0.671810 0.444331 0.333658 0.528961 0.900500 0.429769 0.790443 0.347859 0.427511 0.550799 0.814817 0.773893 0.445340 0.639240 0.341166 0.595794 0.474232 0.360381 0.531443 0.432815 0.406877 0.450736 0.376566 0.696338 0.624946 0.718695 0.708729 0.234364 0.689929 0.519669 0.710411 0.632784 0.437585 0.399466 0.762639 0.417169 0.661251 0.723834 0.570061 0.250765 0.467013 0.512318 0.766586 0.456222 0.539125 0.395086 0.553851 0.613920 0.386026 0.527335 0.094937 0.687547 0.517896 0.482850 0.444821 0.692667 0.261160 0.552629 0.642662 0.716672 0.321924 0.583087 0.692709 0.244770 0.750559 0.478722 0.572209 0.638057 0.568030 0.384503 0.256011 0.403593 0.378827 0.862332 0.746697 0.515434 0.656295 0.483206 0.282039 0.428419 0.337768 0.462195 0.622765 0.527169 0.656182 0.697680 0.295307 0.790931 0.462069 0.660831 0.396941 0.416064 0.808227 0.477849 0.413184 0.772951 0.635469 0.358721 0.626129 0.399639 0.571171 0.245182 0.362651 0.282722 0.895622 0.561125 0.625848 0.494781 0.610157 0.525195 0.483143 0.160524 0.424820 0.292849 0.439092 0.289754 0.493749 0.539373 0.717798 0.589147 0.438943 0.422509 0.314193 0.806911 0.395819 0.510450 0.569127 0.350676 0.468423 0.455420 0.681844 0.491039 0.282914 0.553148 0.624947 0.578331 0.662751 0.613013 0.579409 0.531146 0.408549 0.421880 0.296584 0.840534 0.543940 0.556706 0.334957 0.677584 0.682951 0.567620 0.603730 0.614117 0.584611 0.435477 0.593911 0.451740 0.390059 0.668003 0.438966 0.704577 0.592770 0.288891 0.698001 0.412162 0.533214 0.787936 0.499841 0.453475 0.898073 0.471158 0.759199 0.438818 0.556734 0.602377 0.487546 0.636602 0.503295 0.426795 0.510572 0.576271 0.312686 0.668625 0.488591 0.551199 0.439924 0.344800 0.161509 0.586953 0.420464 0.322366 0.429529 0.666565 0.798257 0.695750 0.286517 0.507272 0.351347 0.639889 0.624660 0.369547 0.290054 0.665042 0.234807 0.672161 0.411059 0.308301 0.722768 0.524934 0.495761 0.285529 0.412139 0.377784 0.540386 0.676233 0.551341 0.540478 0.648497 0.394096 

30
4.000000
0.655732 0.470762 0.299227 0.598969 0.858963 0.505937 0.437576 0.663853 0.290758 0.803181 0.482036 0.267553 0.426572 0.678879 0.673824 0.732612 0.463599 0.642320 0.544046 0.767679 0.150536 0.606546 0.702384 0.513537 0.650055 0.307734 0.503734 0.664603 0.373679 0.692979 0.409532 0.476587 0.353620 0.735266 0.548331 0.335801 0.599059 0.436920 0.301664 0.712309 0.577205 0.580496 0.380890 0.365669 0.592038 0.736123 0.456173 0.377385 0.614001 0.559691 0.541015 0.347728 0.328168 0.455300 0.318524 0.456284 0.430805 0.432314 0.416225 0.726210 0.457205 0.181801 0.494592 0.322924 0.687675 0.514551 0.314211 0.270792 0.802211 0.594090 0.543790 0.438800 0.364532 0.629877 0.525821 0.271443 0.417575 0.400355 0.541209 0.407824 0.548304 0.450549 0.274454 0.564721 0.390921 0.367995 0.595932 0.273169 0.423519 0.513025 0.569566 0.558558 0.641246 0.809528 0.337875 0.637676 0.404713 0.300645 0.260365 0.509463 0.689287 0.766389 0.366978 0.416951 0.650797 0.428513 0.520294 0.424244 0.505961 0.789325 0.296224 0.543043 0.409541 0.638377 0.333762 0.607770 0.330891 0.652591 0.813946 0.476651 0.504583 0.265409 0.303625 0.558940 0.545405 0.558852 0.641065 0.457090 0.547872 0.324119 0.501251 0.878967 0.532992 0.392684 0.365327 0.771768 0.637219 0.627265 0.640570 0.349216 0.715154 0.612792 0.647343 0.460766 0.631653 0.399453 0.323335 0.610291 0.111645 0.436548 0.712148 0.537077 0.336503 0.676228 0.474894 0.679679 0.591536 0.565157 0.615193 0.499426 0.575660 0.389811 0.618060 0.632223 0.455135 0.573761 0.503159 0.392069 0.430235 0.434241 0.317305 0.385826 0.616700 0.497996 0.477628 0.674806 0.380802 0.425524 0.716238 0.434213 0.694000 0.337017 0.713651 0.456443 0.454729 0.576495 0.588476 0.549247 0.503171 0.412695 0.435383 0.716264 0.250541 0.591461 0.475278 0.687202 0.305936 0.275725 0.457463 0.490570 0.388086 0.752280 0.292932 0.576565 0.411167 0.881536 0.513458 0.385184 0.516217 0.415391 0.508651 0.239348 0.643850 0.572445 0.511685 0.689812 0.499011 0.468406 0.605857 0.503554 0.761967 0.247168 0.683874 0.316455 0.547041 0.405241 0.838024 0.651371 0.375361 0.724807 0.573612 0.761633 0.861941 0.570335 0.454817 0.465806 0.300609 0.467648 0.699194 0.800923 0.320569 0.545397 0.675100 0.587908 0.572010 0.515585 0.519454 0.414384 0.589285 0.356185 0.678458 0.527379 0.521192 0.204707 0.531324 0.512736 

