******starting******

******command: j count=60, rSize=60 
0    33469    61
1    329964    61
2    690635    61
3    422486    61
4    206265    61
5    250128    61
6    636558    61
7    863622    61
8    301655    61
9    24923    61
10    364992    61
11    765381    61
12    317860    61
13    135728    61
14    106745    61
15    760671    61
16    81672    61
17    550956    61
18    564651    61
19    743270    61
20    981760    61
21    218849    61
22    454395    61
23    518654    61
24    573841    61
25    555231    61
26    728546    61
27    628873    61
28    796128    61
29    583715    61
30    274766    61
31    829598    61
32    913680    61
33    965402    61
34    252084    61
35    119945    61
36    215530    61
37    888643    61
38    983567    61
39    517186    61
40    913567    61
41    348560    61
42    282567    61
43    231427    61
44    484288    61
45    389312    61
46    992099    61
47    565960    61
48    940268    61
49    556750    61
50    309231    61
51    922028    61
52    775600    61
53    763627    61
54    440682    61
55    349442    61
56    318858    61
57    169229    61
58    978316    61
59    114986    61
 

 ******command: k count=100 
0    33469
1    329964
2    690635
3    422486
4    206265
5    250128
6    636558
7    863622
8    301655
9    24923
10    364992
11    765381
12    317860
13    135728
14    106745
15    760671
16    81672
17    550956
18    564651
19    743270
20    981760
21    218849
22    454395
23    518654
24    573841
25    555231
26    728546
27    628873
28    796128
29    583715
30    274766
31    829598
32    913680
33    965402
34    252084
35    119945
36    215530
37    888643
38    983567
39    517186
40    913567
41    348560
42    282567
43    231427
44    484288
45    389312
46    992099
47    565960
48    940268
49    556750
50    309231
51    922028
52    775600
53    763627
54    440682
55    349442
56    318858
57    169229
58    978316
59    114986
60    752944
61    253082
62    944584
63    666624
64    218484
65    196669
66    786570
67    434015
68    85312
69    770137
70    951201
71    998879
72    118697
73    233769
74    230307
75    602986
76    623081
77    222406
78    168947
79    563350
80    779157
81    478178
82    485378
83    554758
84    241806
85    926061
86    904200
87    560664
88    95290
89    882517
90    675651
91    848235
92    135599
93    620235
94    514860
95    354084
96    816905
97    301430
98    788100
99    902217
 
