WG size of kernel = 4 X 4
GPU is on!!!size_I, size_R 256 256Randomizing the input matrix
Start the SRAD main loop
Printing Output:
1.00855 1.01201 1.01597 1.01995 1.02394 1.02795 1.03197 1.03601 1.04006 1.04413 1.04822 1.05232 1.05644 1.06058 1.06473 1.06838 1.06554 1.06918 1.07337 1.07757 
1.06554 1.06918 1.07337 1.07757 1.08179 1.08602 1.09027 1.09454 1.09882 1.10312 1.10744 1.11178 1.11613 1.12050 1.12488 1.12873 1.13426 1.13814 1.14260 1.14707 
1.13426 1.13814 1.14260 1.14707 1.15156 1.15606 1.16059 1.16513 1.16969 1.17427 1.17887 1.18348 1.18811 1.19276 1.19743 1.20153 1.20741 1.21155 1.21629 1.22105 
1.20741 1.21155 1.21629 1.22105 1.22583 1.23062 1.23544 1.24028 1.24513 1.25000 1.25490 1.25981 1.26474 1.26969 1.27466 1.27902 1.28528 1.28968 1.29473 1.29980 
1.28528 1.28968 1.29473 1.29980 1.30489 1.30999 1.31512 1.32027 1.32543 1.33062 1.33583 1.34106 1.34631 1.35158 1.35687 1.36151 1.36817 1.37286 1.37823 1.38363 
1.36817 1.37286 1.37823 1.38363 1.38904 1.39448 1.39994 1.40542 1.41092 1.41644 1.42198 1.42755 1.43314 1.43875 1.44438 1.44932 1.45641 1.46140 1.46712 1.47286 
1.45641 1.46140 1.46712 1.47286 1.47863 1.48442 1.49023 1.49606 1.50191 1.50779 1.51369 1.51962 1.52557 1.53154 1.53753 1.54279 1.55034 1.55565 1.56174 1.56786 
1.55034 1.55565 1.56174 1.56786 1.57399 1.58015 1.58634 1.59255 1.59878 1.60504 1.61132 1.61762 1.62396 1.63031 1.63669 1.64230 1.65033 1.65599 1.66247 1.66897 
1.65033 1.65599 1.66247 1.66897 1.67551 1.68206 1.68865 1.69526 1.70189 1.70855 1.71524 1.72195 1.72869 1.73546 1.74225 1.74821 1.75677 1.76279 1.76969 1.77661 
1.75677 1.76279 1.76969 1.77661 1.78357 1.79055 1.79756 1.80459 1.81165 1.81874 1.82586 1.83301 1.84018 1.84739 1.85462 1.86096 1.87007 1.87648 1.88382 1.89120 
1.87007 1.87648 1.88382 1.89120 1.89860 1.90603 1.91349 1.92098 1.92850 1.93604 1.94362 1.95123 1.95886 1.96653 1.97423 1.98099 1.99068 1.99750 2.00532 2.01317 
1.99068 1.99750 2.00532 2.01317 2.02105 2.02896 2.03690 2.04487 2.05287 2.06091 2.06897 2.07707 2.08520 2.09336 2.10156 2.10875 2.11907 2.12633 2.13465 2.14300 
2.11907 2.12633 2.13465 2.14300 2.15139 2.15981 2.16827 2.17675 2.18527 2.19382 2.20241 2.21103 2.21968 2.22837 2.23709 2.24475 2.25574 2.26346 2.27232 2.28122 
2.25574 2.26346 2.27232 2.28122 2.29015 2.29911 2.30811 2.31714 2.32621 2.33531 2.34445 2.35363 2.36284 2.37209 2.38137 2.38953 2.40122 2.40945 2.41888 2.42834 
2.40122 2.40945 2.41888 2.42834 2.43785 2.44739 2.45697 2.46658 2.47624 2.48593 2.49566 2.50543 2.51523 2.52508 2.53496 2.54364 2.53550 2.54417 2.55413 2.56413 
2.53550 2.54417 2.55413 2.56413 2.57416 2.58424 2.59435 2.60451 2.61470 2.62493 2.63521 2.64552 2.65588 2.66627 2.67671 2.68586 0.00000 0.00000 0.00000 0.00000 
0.00000 0.00000 0.00000 0.00000 0.00000 0.00000 -0.00000 0.00000 0.00000 0.00000 0.00000 0.00000 -0.00000 0.00000 -0.00000 0.00000 0.00000 0.00000 0.00000 0.00000 
0.00000 0.00000 0.00000 0.00000 0.00000 0.00000 -0.00000 0.00000 0.00000 0.00000 0.00000 0.00000 -0.00000 0.00000 -0.00000 0.00000 0.00000 0.00000 0.00000 0.00000 
0.00000 0.00000 0.00000 0.00000 -0.00000 0.00000 -0.00000 0.00000 0.00000 0.00000 0.00000 0.00000 0.00000 0.00000 0.00000 0.00000 -0.00000 0.00000 0.00000 0.00000 
-0.00000 0.00000 0.00000 0.00000 -0.00000 0.00000 0.00000 0.00000 -0.00000 0.00000 -0.00000 0.00000 0.00000 0.00000 -0.00000 0.00000 -0.00000 0.00000 0.00000 0.00000 
Computation Done
