768 768
1.68 1.83416e-08 -5.90783e-08 
1.68 -4.07003e-08 -7.3611e-08 
1.68 3.57234e-09 -3.38719e-08 
1.68 -4.2195e-08 -1.17661e-07 
1.68 -5.82268e-08 1.36307e-08 
1.68 -1.43894e-07 -9.7072e-10 
1.68 7.50729e-08 2.50243e-08 
1.68 7.3613e-08 8.72451e-08 
1.68 5.03128e-08 -2.23613e-08 
1.68 7.31749e-08 -1.21958e-08 
1.68 -2.58221e-08 -6.13276e-08 
1.68 -6.95468e-08 2.31823e-08 
1.68 3.62943e-08 -9.67849e-08 
1.68 -6.65272e-08 9.32597e-10 
1.68 1.78954e-07 -2.94287e-08 
1.68 -3.73247e-08 -8.7091e-08 
1.68 1.24968e-07 8.74773e-08 
1.68 -6.24393e-08 3.12196e-08 
1.68 8.3399e-08 1.94598e-07 
1.68 -3.32563e-08 -6.65126e-08 
1.68 5.42721e-08 -5.42721e-08 
1.68 -1.21993e-07 1.59203e-08 
1.68 -6.12813e-08 -6.12813e-08 
1.68 2.23523e-07 -1.04311e-07 
1.68 -7.85172e-08 2.7688e-08 
1.68 4.79751e-08 1.23365e-07 
1.68 -1.37649e-16 2.20493e-07 
1.68 -4.6713e-08 1.00099e-08 
1.68 -5.53142e-08 3.97571e-08 
1.68 3.78587e-08 6.2371e-08 
1.68 9.20586e-08 -1.84117e-07 
1.68 4.16897e-08 9.34007e-08 
1.68 7.59561e-08 9.34845e-08 
1.68 4.27407e-09 -3.78075e-08 
1.68 4.92295e-08 -1.32827e-07 
1.68 -7.02025e-08 -6.58148e-08 
1.68 -9.45078e-08 -7.66279e-08 
1.68 -1.12549e-07 2.14386e-07 
1.68 3.55271e-15 0 
1.68 1.75602e-07 3.80471e-08 
1.68 -2.96361e-07 -1.36782e-07 
1.68 4.60739e-08 0 
1.68 -2.67297e-08 -1.4092e-08 
1.68 3.82483e-08 4.41999e-08 
1.68 1.11816e-07 -9.78393e-08 
1.68 -1.07266e-07 2.77679e-08 
1.68 4.01357e-08 -1.77636e-15 
1.68 -3.64052e-09 -1.28212e-07 
1.68 -8.43188e-08 1.02673e-07 
1.68 -5.03321e-08 5.20823e-08 
1.68 -9.70075e-08 -2.05192e-08 
1.68 -1.42519e-07 2.96915e-09 
1.68 3.91469e-08 9.78671e-08 
1.68 -1.3881e-07 1.48724e-08 
1.68 -3.08357e-08 -3.38125e-08 
1.68 5.91881e-08 5.91881e-08 
1.68 -1.00375e-07 -5.01873e-08 
1.68 0 5.69564e-08 
1.68 -6.26835e-08 -9.48823e-08 
1.68 -2.99358e-08 7.7692e-08 
1.68 4.27442e-08 2.13721e-08 
1.68 4.33098e-08 4.85968e-08 
1.68 -1.10801e-07 1.47171e-07 
1.68 -1.22554e-08 -1.22554e-07 
1.68 -1.67646e-07 -2.06334e-07 
1.68 1.60491e-07 5.60045e-08 
1.68 7.08805e-08 5.98532e-08 
1.68 -1.21875e-08 -1.21875e-08 
1.68 4.17799e-08 8.35598e-08 
1.68 5.73634e-10 6.59664e-08 
1.68 -5.1281e-08 -7.69215e-08 
1.68 1.51987e-07 -7.59935e-08 
1.68 5.50721e-08 -2.96086e-09 
1.68 5.28691e-08 5.09717e-08 
1.68 -2.10272e-07 -7.88519e-08 
1.68 1.44625e-07 -4.33874e-08 
1.68 -2.57526e-08 6.43815e-09 
1.68 6.83684e-08 5.73867e-08 
1.68 4.48754e-08 -8.28469e-08 
1.68 5.98026e-08 9.56842e-08 
1.68 2.29086e-07 -4.58171e-08 
1.68 -1.02069e-07 1.02069e-07 
1.68 -1.35048e-08 1.45647e-07 
1.68 -3.93809e-08 5.90827e-08 
1.68 7.15654e-08 -2.14696e-07 
1.68 -1.13817e-07 -1.42271e-07 
1.68 -1.41913e-08 -5.68118e-08 
1.68 5.76383e-08 -1.92128e-08 
1.68 6.00485e-08 6.06945e-08 
1.68 -1.94162e-08 0 
1.68 -1.65357e-07 2.0546e-09 
1.68 3.72175e-08 -2.9774e-08 
1.68 1.00894e-07 -4.03578e-08 
1.68 6.66382e-09 7.99658e-08 
1.68 -1.35302e-08 3.88961e-08 
1.68 1.1795e-07 3.21682e-08 
1.68 -1.15496e-07 6.6851e-08 
1.68 -5.8679e-08 -6.96813e-08 
1.68 -6.07929e-08 -1.65799e-08 
1.68 1.18095e-08 -5.29529e-08 
1.68 4.45094e-08 -9.25797e-08 
1.68 -3.63205e-09 1.38018e-07 
1.68 7.60295e-09 1.76856e-08 
1.68 -2.68849e-08 0 
1.68 2.50997e-08 -1.25499e-07 
1.68 -7.41135e-08 -3.39687e-08 
1.68 3.8056e-08 9.13343e-08 
1.68 -5.05139e-08 1.01028e-07 
1.68 1.85604e-07 2.47472e-08 
1.68 -4.64571e-08 -6.38785e-08 
1.68 -1.252e-07 6.46084e-09 
1.68 -9.03803e-08 -9.59192e-08 
1.68 1.6506e-08 -8.60098e-08 
1.68 -6.06733e-08 -5.51576e-08 
1.68 2.6453e-08 7.27458e-08 
1.68 -2.08234e-08 -5.20586e-08 
1.68 -3.87188e-08 1.32405e-07 
1.68 -2.04654e-08 -1.81914e-08 
1.68 -2.9203e-08 -7.30076e-08 
1.68 -4.38137e-08 6.57205e-08 
1.68 0 -1.41176e-07 
1.68 3.93272e-08 8.58619e-08 
1.68 3.05685e-08 3.05685e-08 
1.68 0 -4.18313e-08 
1.68 2.52006e-08 -3.30758e-08 
1.68 -9.71017e-09 -3.31853e-09 
1.68 8.58604e-08 4.65077e-08 
1.68 -1.55316e-07 1.16487e-07 
1.68 -1.25084e-07 -3.92676e-09 
1.68 4.50043e-08 3.55271e-15 
1.68 -5.51782e-09 1.29757e-07 
1.68 1.5297e-07 -1.38692e-07 
1.68 9.61035e-08 -1.20129e-08 
1.68 -1.44032e-07 -2.61876e-08 
1.68 1.05295e-07 9.35951e-08 
1.68 2.8415e-17 3.59085e-08 
1.68 -8.39603e-08 -5.59735e-08 
1.68 -1.71993e-07 1.65652e-07 
1.68 1.14468e-07 5.2328e-08 
1.68 6.89613e-08 1.90781e-08 
1.68 -1.069e-07 -6.45432e-09 
1.68 9.0404e-08 -4.5202e-08 
1.68 7.9673e-08 -1.91103e-07 
1.68 4.44089e-16 0 
1.68 1.12242e-07 7.85697e-08 
1.68 -1.17417e-07 0 
1.68 -5.97293e-08 6.25735e-08 
1.68 -6.58878e-08 0 
1.68 -3.48355e-08 4.35444e-08 
1.68 8.82711e-08 1.39835e-08 
1.68 2.39774e-08 -6.59379e-08 
1.68 -4.01939e-08 0 
1.68 -1.40175e-08 -1.40175e-08 
1.68 7.20372e-09 2.01704e-07 
1.68 3.55271e-15 -8.73499e-08 
1.68 -8.6756e-08 -4.90097e-08 
1.68 -1.05027e-08 7.63829e-09 
1.68 3.66672e-09 1.46616e-08 
1.68 -1.13468e-07 2.83671e-08 
1.68 -1.47116e-07 0 
1.68 -9.19647e-08 5.74779e-08 
1.68 1.44606e-07 1.44606e-08 
1.68 1.77455e-07 -8.87275e-08 
1.68 -6.64421e-09 5.31537e-08 
1.68 -6.89289e-08 -1.45114e-08 
1.68 2.19358e-08 4.21746e-08 
1.68 1.49806e-07 -1.29562e-07 
1.68 1.23124e-07 -1.04297e-07 
1.68 2.964e-08 9.22134e-08 
1.68 -9.04241e-08 5.6515e-09 
1.68 -4.44089e-16 -5.68579e-08 
1.68 -7.03641e-08 -2.39238e-07 
1.68 -4.03251e-08 2.20312e-07 
1.68 8.92765e-08 1.36911e-07 
1.68 2.17349e-08 0 
1.68 -8.50848e-16 5.70995e-08 
1.68 -8.16536e-09 -1.807e-07 
1.68 1.7104e-07 6.87599e-08 
1.68 6.90358e-08 -1.21958e-07 
1.68 -8.30213e-08 -5.37784e-08 
1.68 7.68877e-08 -2.74599e-08 
1.68 7.7195e-09 4.6317e-08 
1.68 0 3.67268e-08 
1.68 6.52688e-08 -4.96496e-09 
1.68 1.24025e-07 3.81012e-08 
1.68 7.6988e-08 4.81175e-09 
1.68 -8.36825e-08 1.53418e-07 
1.68 4.76624e-08 -3.57468e-08 
1.68 9.55849e-08 4.96737e-08 
1.68 2.52248e-08 2.64861e-08 
1.68 -4.69119e-08 2.3456e-08 
1.68 3.68371e-08 9.50419e-08 
1.68 -1.28081e-07 -2.40153e-08 
1.68 2.99241e-08 -2.55353e-08 
1.68 -9.14328e-08 5.58751e-08 
1.68 2.48435e-08 6.21088e-09 
1.68 -3.53932e-08 -2.72736e-08 
1.68 -1.77234e-08 2.65851e-08 
1.68 -3.43203e-08 3.07038e-08 
1.68 1.61959e-08 1.61959e-08 
1.68 2.86471e-08 1.17756e-08 
1.68 1.77409e-07 0 
1.68 9.52158e-08 -3.71574e-08 
1.68 -4.57398e-08 2.04546e-07 
1.68 -4.95443e-08 -4.61897e-08 
1.68 3.37146e-08 1.52908e-08 
1.68 -6.41054e-08 -4.8079e-08 
1.68 9.30486e-08 -2.79782e-08 
1.68 -2.66625e-08 9.33187e-08 
1.68 -2.99237e-08 0 
1.68 1.50398e-07 -1.12798e-07 
1.68 -5.15504e-08 7.41037e-08 
1.68 -6.59348e-08 -8.33522e-08 
1.68 1.06398e-07 -2.65994e-08 
1.68 -7.65772e-08 1.32681e-08 
1.68 -4.47468e-08 1.3424e-07 
1.68 4.79458e-08 -2.07765e-07 
1.68 -1.98682e-08 0 
1.68 -7.68007e-08 8.90443e-09 
1.68 1.26298e-07 -3.15745e-08 
1.68 6.76231e-08 -8.11478e-08 
1.68 -4.29907e-08 5.95607e-09 
1.68 -3.31176e-08 1.4075e-07 
1.68 -1.2654e-07 -1.98236e-07 
1.68 1.51507e-08 -2.19551e-08 
1.68 -1.01337e-08 -7.60028e-09 
1.68 -1.17713e-08 -2.97489e-08 
1.68 2.63352e-08 -1.0693e-07 
1.68 -1.046e-07 -7.2138e-09 
1.68 6.17442e-08 -1.23488e-07 
1.68 -7.28379e-08 -1.09303e-07 
1.68 -3.29036e-09 6.58072e-08 
1.68 -9.08805e-08 3.84206e-08 
1.68 0 0 
1.68 -5.00993e-08 9.43046e-08 
1.68 4.314e-08 2.876e-08 
1.68 -5.76392e-08 2.88196e-08 
1.68 1.02416e-08 2.17635e-08 
1.68 1.09013e-07 1.55733e-08 
1.68 9.94192e-08 -3.05905e-08 
1.68 1.26325e-08 -1.68433e-08 
1.68 1.13255e-08 3.11453e-08 
1.68 -5.36501e-08 -6.77686e-08 
1.68 -5.55502e-08 1.18246e-08 
1.68 -2.17891e-08 0 
1.68 3.6057e-08 -1.24311e-09 
1.68 -7.02358e-09 6.24815e-09 
1.68 1.20573e-07 -8.22086e-08 
1.68 -1.66533e-07 -3.27118e-08 
1.68 -5.44356e-09 0 
1.68 8.34536e-08 -9.11431e-08 
1.68 -1.25147e-07 -2.08578e-08 
1.68 1.81538e-07 6.65067e-08 
1.68 -3.86051e-08 -4.9606e-08 
1.68 1.06247e-07 2.43774e-08 
1.68 2.32668e-08 4.65337e-08 
1.68 1.39496e-07 -2.91595e-08 
1.68 3.66174e-08 3.54048e-08 
1.68 -2.71298e-08 -3.92197e-08 
1.68 -1.04649e-07 7.3508e-08 
1.68 7.55014e-08 -5.22341e-08 
1.68 4.34486e-08 -1.57995e-08 
1.68 -3.19169e-08 1.59584e-08 
1.68 8.30162e-08 -1.07229e-07 
1.68 9.77978e-08 2.52263e-08 
1.68 -4.38831e-08 -1.17022e-07 
1.68 -4.16296e-17 3.69673e-08 
1.68 -6.13515e-19 -1.51063e-08 
1.68 6.50885e-08 -4.03297e-08 
1.68 -1.74071e-07 -1.19901e-07 
1.68 -7.51718e-08 -4.70764e-08 
1.68 -2.3707e-08 2.3707e-07 
1.68 1.16535e-07 -3.76678e-08 
1.68 -2.29135e-08 -2.29135e-08 
1.68 -7.43057e-08 2.70203e-08 
1.68 -1.33356e-07 -4.77692e-08 
1.68 2.90827e-07 -3.18202e-08 
1.68 5.47467e-08 -8.55024e-08 
1.68 5.59869e-08 1.02928e-07 
1.68 8.71254e-08 -1.74251e-07 
1.68 2.42721e-07 7.12523e-08 
1.68 -6.30456e-08 -1.12081e-08 
1.68 -8.15681e-08 -8.89834e-08 
1.68 1.3765e-08 -3.76714e-08 
1.68 1.9119e-09 4.68034e-09 
1.68 -1.21974e-07 3.42356e-07 
1.68 2.32392e-08 -1.16196e-08 
1.68 -4.7966e-08 9.59319e-08 
1.68 -1.36755e-08 -2.73509e-08 
1.68 2.30856e-07 -4.56655e-08 
1.68 2.03862e-08 3.75798e-08 
1.68 1.4698e-08 -1.4698e-08 
1.68 -2.55785e-08 -1.7905e-07 
1.68 -7.68907e-08 4.96157e-08 
1.68 -5.3124e-08 -5.50915e-08 
1.68 9.31201e-08 -1.16136e-07 
1.68 1.39996e-08 -2.39994e-07 
1.68 -1.02208e-08 1.09706e-07 
1.68 7.839e-08 3.59293e-08 
1.68 -4.89036e-08 0 
1.68 -6.6723e-08 2.2241e-08 
1.68 -5.15521e-08 4.18861e-08 
1.68 1.23371e-08 9.44534e-08 
1.68 4.22892e-08 1.86072e-08 
1.68 3.93445e-08 -1.13009e-07 
1.68 -2.39664e-07 7.72092e-08 
1.68 1.28719e-08 -1.54463e-07 
1.68 1.10225e-07 -1.46017e-07 
1.68 -5.99654e-08 4.69086e-08 
1.68 -8.39382e-09 1.91859e-08 
1.68 1.0673e-08 4.26921e-08 
1.68 8.43936e-09 -5.19345e-08 
1.68 5.49955e-09 -5.49955e-09 
1.68 9.86723e-09 -1.6981e-08 
1.68 9.97991e-09 9.97991e-09 
1.68 3.15599e-08 -1.57799e-08 
1.68 -3.15142e-08 -7.75584e-09 
1.68 3.02899e-08 9.08697e-08 
1.68 -1.94492e-16 -8.76647e-08 
1.68 -8.90202e-08 -1.00763e-07 
1.68 1.44986e-08 8.15545e-08 
1.68 1.36762e-07 -4.95965e-08 
1.68 -1.1612e-07 1.11819e-07 
1.68 -7.50545e-08 -7.08848e-08 
1.68 1.12069e-07 1.22076e-07 
1.68 8.73757e-08 1.49787e-07 
1.68 -6.42027e-18 -5.79744e-08 
1.68 -1.4048e-08 2.8096e-08 
1.68 1.64466e-07 2.53025e-08 
1.68 -2.46429e-07 3.52041e-08 
1.68 7.2246e-08 9.6328e-08 
1.68 3.00705e-08 5.28078e-09 
1.68 -7.68879e-08 2.46041e-08 
1.68 1.57933e-07 -1.94379e-07 
1.68 3.31491e-08 5.52485e-09 
1.68 -1.56704e-15 -2.36615e-07 
1.68 1.04667e-08 6.85874e-08 
1.68 -1.51833e-08 3.36614e-08 
1.68 8.26911e-08 -8.26911e-09 
1.68 -5.80703e-09 -6.96844e-08 
1.68 2.72596e-08 -6.36057e-08 
1.68 0 -9.18578e-08 
1.68 -1.13223e-07 -2.22577e-08 
1.68 -3.26732e-08 -1.63366e-08 
1.68 -1.63832e-07 -4.95757e-08 
1.68 -2.9259e-08 -1.51172e-07 
1.68 1.89551e-08 -3.79103e-08 
1.68 -1.02166e-07 7.98176e-08 
1.68 7.97753e-09 6.52857e-08 
1.68 -3.08137e-08 3.08137e-08 
1.68 -3.52664e-08 -5.24895e-08 
1.68 4.53838e-08 -1.36151e-07 
1.68 -1.48159e-08 1.10425e-07 
1.68 1.0604e-07 2.22925e-08 
1.68 2.59729e-09 -6.23348e-08 
1.68 -1.16848e-07 8.49803e-08 
1.68 -1.09838e-07 1.41793e-08 
1.68 -4.43671e-08 -1.63832e-07 
1.68 1.2671e-07 -6.4022e-08 
1.68 0 -9.74586e-08 
1.68 2.74026e-08 -2.74026e-08 
1.68 -6.14222e-08 0 
1.68 4.878e-08 -1.34983e-07 
1.68 1.59906e-07 -2.2056e-08 
1.68 -1.43127e-07 -1.8468e-08 
1.68 1.07114e-07 -6.12077e-08 
1.68 1.44862e-07 3.92335e-08 
1.68 1.38667e-07 2.31111e-08 
1.68 2.80605e-08 1.00055e-07 
1.68 -1.64632e-07 1.09755e-07 
1.68 -8.97511e-08 8.28472e-08 
1.68 8.95532e-08 1.77636e-15 
1.68 7.96601e-08 -1.23916e-07 
1.68 -1.09147e-07 1.05054e-07 
1.68 8.2989e-08 7.60732e-08 
1.68 -8.94578e-08 -1.11822e-07 
1.68 1.2293e-07 -9.21974e-08 
1.68 -5.97787e-08 7.65914e-08 
1.68 8.872e-08 -3.22618e-08 
1.68 -1.83481e-08 3.66962e-08 
1.68 2.10394e-09 1.05463e-07 
1.68 -3.07145e-08 4.60717e-08 
1.68 8.73744e-08 -4.43698e-08 
1.68 4.61991e-08 3.82426e-08 
1.68 9.02962e-08 -1.12092e-07 
1.68 -1.26338e-07 2.80751e-08 
1.68 -1.68868e-07 -4.92531e-08 
1.68 -2.18403e-08 -3.82206e-08 
1.68 -1.60051e-08 6.98402e-08 
1.68 -2.37846e-08 -9.51383e-08 
1.68 -1.13565e-08 0 
1.68 -1.72646e-07 0 
1.68 5.66164e-08 0 
1.68 -2.44712e-08 3.76804e-08 
1.68 2.48548e-08 -1.65699e-08 
1.68 -1.51494e-08 8.33218e-08 
1.68 8.18207e-08 2.2728e-08 
1.68 -1.73232e-08 1.21262e-07 
1.68 -1.18346e-07 1.69066e-08 
1.68 1.34917e-07 1.79889e-07 
1.68 -1.33734e-07 6.68672e-08 
1.68 -1.89998e-08 1.68307e-08 
1.68 -6.48404e-08 -1.29681e-08 
1.68 -2.72671e-08 2.72671e-08 
1.68 3.984e-08 -1.328e-08 
1.68 -8.73589e-08 1.04831e-07 
1.68 1.03033e-08 7.05224e-08 
1.68 -4.22193e-08 -3.51827e-08 
1.68 -6.59107e-09 8.56615e-09 
1.68 -1.14745e-08 -6.88468e-08 
1.68 -1.3176e-08 -1.3176e-08 
1.68 1.81305e-08 -1.27849e-08 
1.68 -2.80477e-08 1.00315e-07 
1.68 2.80813e-08 1.32147e-08 
1.68 1.6754e-08 -1.27749e-07 
1.68 -5.3929e-08 0 
1.68 4.37149e-08 0 
1.68 1.05931e-07 4.11956e-08 
1.68 -9.53261e-09 -4.8807e-08 
1.68 1.61344e-08 -1.5387e-08 
1.68 5.43107e-08 0 
1.68 -8.95824e-09 1.58131e-08 
1.68 -3.42825e-08 3.95216e-08 
1.68 -2.54521e-08 0 
1.68 -6.58935e-09 0 
1.68 5.24439e-08 1.45679e-08 
1.68 3.38439e-08 4.51252e-08 
1.68 6.11917e-09 -7.343e-08 
1.68 -2.0879e-09 1.11245e-07 
1.68 -2.8709e-16 -6.88914e-08 
1.68 6.56805e-08 -1.84377e-08 
1.68 1.96387e-08 6.99427e-08 
1.68 5.10054e-08 -8.93597e-08 
1.68 -9.704e-08 -8.18775e-08 
1.68 -1.92256e-07 -5.49304e-08 
1.68 2.90936e-08 1.74359e-07 
1.68 1.42107e-07 1.05789e-07 
1.68 1.51739e-08 1.89674e-09 
1.68 8.67751e-08 3.71893e-08 
1.68 -1.52468e-08 1.52468e-08 
1.68 -9.29828e-10 1.17549e-08 
1.68 -1.0458e-09 -1.95391e-07 
1.68 -3.41486e-08 1.6336e-08 
1.68 8.97681e-08 -9.57527e-08 
1.68 1.08392e-07 6.26813e-08 
1.68 -9.50438e-09 1.10596e-07 
1.68 -5.61597e-09 2.24639e-08 
1.68 3.55523e-08 -1.85003e-09 
1.68 6.53142e-09 -2.09298e-08 
1.68 -9.70252e-08 5.19778e-09 
1.68 4.93125e-08 1.09583e-08 
1.68 -4.85023e-08 -1.38578e-08 
1.68 -2.85654e-08 1.7969e-08 
1.68 1.66155e-07 1.5105e-08 
1.68 -4.10017e-08 7.68782e-09 
1.68 -2.25027e-08 4.50054e-08 
1.68 2.09667e-08 0 
1.68 1.84197e-08 6.13991e-09 
1.68 -1.52236e-08 -1.01491e-08 
1.68 5.53484e-08 1.58138e-08 
1.68 -1.67493e-07 -6.44204e-08 
1.68 8.31022e-08 1.38504e-08 
1.68 1.21267e-07 -1.16529e-07 
1.68 1.08965e-07 5.44826e-08 
1.68 -8.61512e-08 -1.18924e-07 
1.68 2.92664e-08 -8.3557e-08 
1.68 -5.82929e-08 6.99515e-08 
1.68 8.34349e-09 -8.27826e-08 
1.68 2.21255e-09 2.525e-09 
1.68 2.18523e-08 -8.92691e-08 
1.68 2.32008e-08 2.21495e-07 
1.68 -9.58247e-08 -7.25905e-08 
1.68 1.86884e-08 1.0692e-08 
1.68 -3.42875e-08 9.34978e-08 
1.68 0 -4.06193e-08 
1.68 3.23521e-08 3.23521e-08 
1.68 2.80062e-08 9.33541e-08 
1.68 2.98816e-09 -2.008e-07 
1.68 3.79243e-08 4.3342e-08 
1.68 -1.01302e-07 -2.3761e-08 
1.68 -1.34331e-08 1.48227e-08 
1.68 -9.73892e-09 -2.59705e-08 
1.68 -2.56092e-08 5.73647e-08 
1.68 5.05792e-08 -5.93958e-08 
1.68 -1.63013e-08 -6.13696e-08 
1.68 -2.59973e-08 -2.59973e-08 
1.68 2.16355e-17 0 
1.68 -2.70712e-08 -9.02374e-08 
1.68 3.4006e-09 4.91487e-08 
1.68 -6.5519e-09 -3.22581e-08 
1.68 -1.38715e-08 -4.16145e-08 
1.68 1.01698e-08 4.0679e-09 
1.68 6.54e-08 -4.905e-09 
1.68 -1.54651e-17 5.31189e-08 
1.68 -9.32648e-09 4.66707e-08 
1.68 -3.55271e-15 3.01852e-08 
1.68 -6.15852e-08 -6.15852e-08 
1.68 1.19967e-07 -1.07971e-07 
1.68 1.91626e-07 0 
1.68 -1.28639e-07 -8.01125e-11 
1.68 -1.97113e-08 5.63877e-09 
1.68 -4.61966e-08 -1.77087e-07 
1.68 -1.12306e-07 1.75022e-08 
1.68 0 1.16277e-07 
1.68 5.5899e-08 -1.04811e-08 
1.68 -1.23376e-07 1.50792e-07 
1.68 -3.42996e-08 -7.71741e-08 
1.68 -9.22494e-08 7.14189e-08 
1.68 2.70922e-08 1.5578e-07 
1.68 2.42392e-08 -8.88772e-08 
1.68 5.16365e-08 3.44244e-08 
1.68 1.1744e-07 -8.57482e-08 
1.68 1.09211e-07 1.63816e-07 
1.68 -1.29453e-08 1.72604e-08 
1.68 7.12884e-08 -2.85153e-08 
1.68 4.73778e-08 1.09916e-07 
1.68 -1.31769e-07 -1.20426e-07 
1.68 -1.70326e-08 -2.57791e-08 
1.68 -1.23366e-08 4.93462e-08 
1.68 -3.06142e-08 -4.8095e-09 
1.68 -1.10476e-07 -3.93512e-08 
1.68 1.1434e-08 -1.01733e-07 
1.68 1.6783e-07 -2.12701e-08 
1.68 -3.4264e-08 3.80711e-09 
1.68 -4.19158e-18 4.20335e-09 
1.68 -2.17294e-08 -1.73835e-08 
1.68 -2.03057e-08 -9.84008e-09 
1.68 -7.82599e-09 -3.1304e-08 
1.68 9.69182e-08 3.23061e-08 
1.68 -5.5806e-08 -4.49864e-08 
1.68 2.72907e-08 5.45815e-08 
1.68 -1.90504e-08 2.40637e-08 
1.68 2.9779e-09 -5.33906e-08 
1.68 5.50939e-08 3.14822e-08 
1.68 -9.66094e-20 1.55251e-08 
1.68 -5.75404e-08 4.79504e-08 
1.68 7.06649e-08 5.88874e-09 
1.68 -6.28296e-09 -1.88489e-08 
1.68 5.26278e-08 1.13676e-07 
1.68 -1.20673e-07 -8.32229e-08 
1.68 1.03958e-08 1.58458e-07 
1.68 1.26964e-07 -1.14813e-07 
1.68 1.28693e-08 -1.28693e-08 
1.68 -7.04006e-18 -2.03942e-08 
1.68 -3.28157e-08 3.23256e-08 
1.68 2.75562e-08 3.44453e-08 
1.68 1.65697e-08 8.28487e-09 
1.68 4.07643e-19 7.14359e-08 
1.68 -3.96531e-08 4.25961e-08 
1.68 1.39108e-17 -2.81136e-08 
1.68 -2.51748e-18 0 
1.68 2.47215e-08 -3.70823e-08 
1.68 2.39756e-08 -6.5933e-08 
1.68 -5.33216e-08 -1.33304e-08 
1.68 5.51471e-08 5.51471e-08 
1.68 -3.68165e-08 -1.84083e-08 
1.68 2.95296e-08 -4.61405e-08 
1.68 5.89135e-08 -2.48057e-08 
1.68 -1.52932e-08 6.76428e-08 
1.68 5.12687e-08 -9.41402e-08 
1.68 2.38233e-08 -7.48733e-08 
1.68 2.4792e-08 1.2396e-08 
1.68 1.77636e-15 3.86587e-08 
1.68 -4.61865e-08 5.54238e-08 
1.68 2.16953e-08 -8.62441e-09 
1.68 -5.40333e-08 -1.08067e-07 
1.68 -6.74051e-09 -1.77649e-08 
1.68 -1.36507e-08 -1.2894e-07 
1.68 1.32162e-09 2.92298e-07 
1.68 -9.13656e-08 1.37048e-08 
1.68 1.05011e-07 -4.84666e-08 
1.68 -1.38019e-07 8.6262e-09 
1.68 -1.14386e-07 -1.27096e-07 
1.68 2.10032e-07 1.97677e-07 
1.68 1.69555e-08 3.3911e-08 
1.68 9.5187e-08 -2.61764e-08 
1.68 -3.85415e-08 1.71295e-08 
1.68 -2.50738e-08 -9.80375e-09 
1.68 6.49152e-08 1.62288e-08 
1.68 0 -2.9486e-08 
1.68 2.65251e-08 1.76834e-08 
1.68 -5.54937e-08 0 
1.68 -2.7526e-08 0 
1.68 1.92864e-08 0 
1.68 -3.73549e-08 3.15245e-08 
1.68 -1.22464e-08 -3.31684e-08 
1.68 4.80471e-08 -4.80471e-08 
1.68 -9.0895e-08 -6.47834e-08 
1.68 -6.54582e-08 -2.43565e-08 
1.68 3.86517e-08 -1.93258e-08 
1.68 -1.12101e-07 -7.56438e-08 
1.68 -1.83728e-08 2.41143e-08 
1.68 -7.19334e-08 -2.6975e-08 
1.68 -1.44803e-40 -8.09245e-08 
1.68 9.40022e-08 1.46878e-08 
1.68 -9.23852e-09 4.15733e-08 
1.68 -1.54754e-08 4.25573e-08 
1.68 8.63759e-08 -5.38552e-09 
1.68 1.64449e-08 -1.02999e-09 
1.68 -9.60805e-09 -3.18267e-08 
1.68 1.86566e-08 -1.00746e-07 
1.68 -8.20729e-08 2.896e-08 
1.68 -2.26797e-08 -5.10294e-08 
1.68 -5.07257e-09 1.93821e-09 
1.68 -1.36013e-08 1.36013e-08 
1.68 -2.38092e-17 5.15804e-08 
1.68 -8.76566e-08 -2.50448e-08 
1.68 2.49515e-19 8.10258e-08 
1.68 1.1543e-07 7.79155e-08 
1.68 -2.14205e-08 -2.14205e-08 
1.68 3.59298e-08 8.98245e-09 
1.68 5.14233e-08 3.21396e-08 
1.68 9.18062e-08 2.72018e-08 
1.68 5.02187e-08 0 
1.68 -1.20905e-07 2.58155e-08 
1.68 -2.29506e-09 3.67209e-08 
1.68 -1.10562e-08 -3.53799e-08 
1.68 0 -2.8551e-08 
1.68 9.52972e-08 9.52972e-09 
1.68 -5.52024e-08 2.36582e-08 
1.68 -4.87929e-08 -1.62643e-08 
1.68 -4.42635e-08 3.54108e-08 
1.68 -6.96678e-09 -7.43123e-08 
1.68 -3.21926e-18 -1.02354e-08 
1.68 3.85593e-08 8.67584e-08 
1.68 -6.01369e-08 1.50342e-08 
1.68 -9.72637e-08 7.29478e-08 
1.68 4.8417e-09 -7.74672e-08 
1.68 -1.69785e-20 3.52213e-08 
1.68 -3.26451e-08 -8.06574e-09 
1.68 -2.88379e-09 1.15351e-08 
1.68 -6.20108e-09 3.72065e-08 
1.68 -2.00958e-30 -2.58983e-09 
1.68 -3.4681e-09 -5.54895e-08 
1.68 2.2568e-08 -5.642e-08 
1.68 1.02617e-08 -4.06388e-09 
1.68 -1.10584e-18 1.37379e-08 
1.68 1.36621e-08 2.04931e-08 
1.68 4.28348e-09 1.49922e-08 
1.68 -2.15954e-08 -1.09327e-07 
1.68 -1.06868e-07 -2.81471e-08 
1.68 -6.02919e-08 -2.67964e-08 
1.68 -2.77552e-08 -4.31747e-08 
1.68 3.21538e-08 0 
1.68 -2.51609e-08 7.54828e-08 
1.68 -3.84022e-08 6.34121e-08 
1.68 6.08253e-08 -1.10591e-08 
1.68 -3.84696e-17 2.06532e-08 
1.68 5.9752e-08 -7.54762e-08 
1.68 1.0368e-08 4.1472e-08 
1.68 1.77345e-08 1.09136e-08 
1.68 4.09951e-08 2.51949e-08 
1.68 3.46136e-09 2.76909e-08 
1.68 3.50226e-08 -9.09799e-09 
1.68 7.1957e-08 3.12668e-08 
1.68 0 -3.09263e-08 
1.68 1.7959e-08 4.04077e-08 
1.68 -4.4268e-08 -2.96305e-08 
1.68 0 -5.37491e-09 
1.68 2.60379e-08 2.97576e-08 
1.68 4.60546e-08 2.30273e-08 
1.68 2.76124e-08 -1.33878e-08 
1.68 2.23245e-08 -5.58113e-08 
1.68 -2.29637e-08 -8.39815e-08 
1.68 1.31632e-17 -3.19462e-08 
1.68 -2.98323e-08 3.48044e-08 
1.68 4.08362e-08 1.0209e-07 
1.68 2.14227e-08 1.17825e-07 
1.68 -5.33423e-08 1.33356e-08 
1.68 -3.55769e-08 -8.89422e-09 
1.68 9.42495e-09 0 
1.68 1.02031e-07 -2.74649e-08 
1.68 -6.70713e-08 -8.77086e-08 
1.68 -5.97956e-09 -8.96934e-08 
1.68 1.78601e-08 -2.39131e-08 
1.68 0 3.8401e-08 
1.68 2.95995e-08 0 
1.68 -9.62282e-08 1.08257e-07 
1.68 2.42454e-08 -2.42454e-08 
1.68 -1.37976e-08 2.75952e-08 
1.68 3.69088e-08 2.27131e-08 
1.68 8.34089e-10 5.42622e-08 
1.68 6.259e-09 5.0072e-08 
1.68 -3.46937e-08 -3.46937e-08 
1.68 2.25992e-08 1.80793e-08 
1.68 -9.81684e-20 1.04171e-08 
1.68 -1.44916e-08 0 
1.68 -7.61966e-08 0 
1.68 2.37343e-07 7.16506e-08 
1.68 -1.35343e-07 1.62412e-07 
1.68 -9.6758e-08 2.6138e-08 
1.68 -1.3322e-08 6.66102e-08 
1.68 -8.46245e-08 1.52073e-08 
1.68 6.07664e-08 0 
1.68 -5.63985e-08 1.2533e-08 
1.68 2.50327e-08 0 
1.68 -2.16055e-08 0 
1.68 -1.58774e-07 4.53641e-08 
1.68 9.3505e-08 6.23366e-08 
1.68 -8.84498e-09 -3.53799e-08 
1.68 -9.20806e-08 7.67339e-08 
1.68 -1.77741e-07 1.87096e-08 
1.68 9.839e-08 -8.82726e-08 
1.68 -1.71533e-08 9.4343e-08 
1.68 1.02623e-07 -4.88679e-08 
1.68 -7.82649e-08 0 
1.68 1.59417e-08 7.78451e-08 
1.68 1.4583e-08 1.82288e-08 
1.68 4.08283e-08 6.80472e-09 
1.68 2.83976e-08 -2.79607e-08 
1.68 2.66123e-08 -7.9837e-08 
1.68 -1.7669e-08 -7.06759e-08 
1.68 -1.50015e-08 -6.93817e-08 
1.68 -7.88383e-08 -6.56986e-08 
1.68 2.50917e-08 -1.49077e-08 
1.68 -7.93589e-08 -4.4441e-08 
1.68 -6.69186e-08 4.39153e-08 
1.68 -7.23164e-08 -5.78532e-08 
1.68 2.05687e-08 -1.37125e-08 
1.68 -1.19533e-08 -8.88178e-16 
1.68 -2.03953e-07 -1.56887e-08 
1.68 0 0 
1.68 8.45866e-08 4.22933e-08 
1.68 3.64169e-08 -1.09251e-07 
1.68 1.51832e-08 2.27747e-08 
1.68 5.35925e-08 -1.33981e-08 
1.68 1.09041e-07 7.04814e-08 
1.68 0 2.37095e-08 
1.68 -1.09379e-08 4.37516e-08 
1.68 -1.67059e-08 5.42942e-08 
1.68 -4.66434e-08 -5.02314e-08 
1.68 7.6187e-08 6.41575e-08 
1.68 7.24368e-08 0 
1.68 -7.95672e-08 -9.37756e-08 
1.68 -1.29018e-07 -5.55633e-08 
1.68 1.14252e-08 1.71379e-08 
1.68 -3.02938e-08 -2.01958e-08 
1.68 -2.39591e-08 -4.59491e-09 
1.68 -5.20331e-08 9.1058e-08 
1.68 7.49949e-08 6.24957e-08 
1.68 8.4736e-08 -1.23252e-07 
1.68 -4.43928e-08 -1.47976e-08 
1.68 -1.56414e-08 -8.88178e-16 
1.68 9.89311e-09 6.88372e-08 
1.68 4.0359e-08 6.05385e-08 
1.68 2.22308e-08 7.41027e-09 
1.68 -2.39747e-08 -8.21989e-08 
1.68 1.3623e-08 -4.76806e-08 
1.68 0 -5.0623e-08 
1.68 0 -8.69859e-09 
1.68 -1.58205e-08 3.11541e-08 
1.68 1.1173e-07 1.5518e-08 
1.68 2.41916e-08 -7.25747e-08 
1.68 2.07409e-08 9.6791e-08 
1.68 0 0 
1.68 1.27188e-18 1.76141e-08 
1.68 -2.80528e-08 0 
1.68 -1.84582e-08 1.84582e-08 
1.68 -9.56022e-08 0 
1.68 -1.86409e-08 5.59227e-08 
1.68 -3.41013e-08 -4.26267e-08 
1.68 -2.67176e-08 0 
1.68 -1.64296e-08 1.25548e-07 
1.68 5.44889e-08 -1.52115e-07 
1.68 1.85803e-08 -2.78704e-08 
1.68 -3.21975e-08 0 
1.68 -1.04864e-08 -3.59535e-08 
1.68 -8.96583e-08 1.37936e-08 
